200	0.005358275	0.006193374	0.007404152	0.008882199	0.010556768	0.012383794	0.014261298	0.016042252	0.017592367	0.018851049	0.019854774	0.020660087	0.021339198	0.021952095	0.0225069	0.022968913	0.023285172	0.023419909	0.02336883	0.023130758	0.022676185	0.021978941	0.021038736	0.019876929	0.018583403	0.01730207	0.01603117	0.014664259	0.013152407	0.011497736	0.009802624	0.008221424	0.006864769	0.005649477	0.004750401
201	0.011016859	0.012777955	0.015000544	0.017570039	0.020434537	0.02357933	0.026908824	0.03025028	0.033438836	0.036388421	0.039107198	0.041608244	0.043891204	0.045946316	0.047735811	0.049193298	0.050244881	0.050837925	0.050954142	0.050588409	0.04972215	0.048345257	0.046475903	0.044151777	0.041478651	0.038631942	0.03567053	0.032561331	0.029314311	0.025976392	0.02267601	0.019574992	0.016790511	0.014242445	0.012124712
202	0.011629378	0.013482095	0.015822861	0.018530108	0.021548856	0.024863143	0.028370417	0.031886871	0.03523846	0.03833525	0.041187211	0.043809231	0.046202076	0.048356439	0.050232949	0.051761691	0.052864689	0.053486431	0.053607741	0.053223249	0.052313099	0.050866267	0.048901574	0.04645846	0.043648641	0.040657733	0.037547298	0.03428083	0.030867478	0.027355893	0.023882372	0.020619047	0.017689919	0.015009222	0.012782497
203	0.012439567	0.014414521	0.016912663	0.019803254	0.023027222	0.026567037	0.030311298	0.034061801	0.037632291	0.040927464	0.043959407	0.046745227	0.049286964	0.051575728	0.053569923	0.055194964	0.056367482	0.05702812	0.057156471	0.056746835	0.05577772	0.054236931	0.052144149	0.04954112	0.046547573	0.043362758	0.040051806	0.036574026	0.032937804	0.02919407	0.025489313	0.022009148	0.018886587	0.016028636	0.01365606
204	0.013996888	0.016211337	0.019015908	0.022262658	0.025884777	0.029862039	0.034067216	0.038275489	0.042277132	0.045965847	0.049356803	0.052470601	0.055310902	0.057868899	0.060098362	0.061915603	0.063226872	0.06396538	0.064108254	0.063649137	0.062563569	0.060837358	0.058492094	0.055574191	0.052218764	0.04865097	0.044943218	0.041047918	0.036972993	0.032774368	0.028617591	0.02471326	0.021211502	0.018006275	0.015347018
205	0.014930093	0.017283808	0.020268725	0.023726086	0.027584188	0.031820942	0.036298691	0.040775676	0.045027946	0.048943018	0.052538714	0.055838479	0.058847679	0.061558186	0.063921288	0.065847986	0.067238351	0.068021104	0.068171912	0.067684055	0.066531162	0.064697564	0.062205636	0.059104204	0.055537998	0.051748445	0.047811757	0.043675306	0.039346009	0.034881865	0.030460148	0.026307444	0.022584435	0.019176527	0.016350908
206	0.01536523	0.017778719	0.020843885	0.02439627	0.02836153	0.032716433	0.037317391	0.041913554	0.046274067	0.050283957	0.053963222	0.057337552	0.060413971	0.06318542	0.065602369	0.06757353	0.068996155	0.069796803	0.069950449	0.069450245	0.068268781	0.066389347	0.063834198	0.060652747	0.056994831	0.053110556	0.049077153	0.044838624	0.040400625	0.03582088	0.031282413	0.027020549	0.023201277	0.019705164	0.016808363
207	0.016821764	0.019454257	0.022802719	0.026685844	0.031021557	0.035783903	0.040813655	0.045833909	0.05059142	0.054961065	0.058966522	0.06263766	0.065983814	0.068998679	0.071628674	0.07377421	0.075322916	0.076194257	0.076360822	0.075815194	0.074527078	0.072477513	0.069689948	0.066217472	0.06222529	0.057989275	0.05359256	0.048971892	0.044131969	0.039133636	0.034177808	0.029524543	0.025356306	0.021540725	0.018381444
208	0.019401288	0.022426045	0.026279925	0.030752239	0.035747394	0.041234897	0.047028888	0.052807313	0.058277314	0.063295225	0.067890338	0.072099175	0.075934388	0.079390344	0.082405966	0.084866821	0.086643459	0.087642769	0.087833053	0.087205856	0.085725935	0.083370601	0.080165726	0.076171215	0.071579329	0.066711106	0.061660595	0.05635271	0.050791332	0.045043579	0.039341641	0.033988432	0.029195359	0.024807927	0.021177894
209	0.025695275	0.029685707	0.034779073	0.040694069	0.047302696	0.054563906	0.062228757	0.06986709	0.077089817	0.083707342	0.089761085	0.095302263	0.100350138	0.104899423	0.108870167	0.112111437	0.114452032	0.115768279	0.116018031	0.115190228	0.113237811	0.110129584	0.105898102	0.100620726	0.094554706	0.088129494	0.081467003	0.07446509	0.067127042	0.059537308	0.052003809	0.044931816	0.03860267	0.032809392	0.028019967
210	0.035318562	0.040781531	0.047767898	0.055887615	0.064962567	0.074935532	0.085460754	0.095941852	0.105841993	0.114901139	0.123179768	0.130752341	0.137648775	0.143864789	0.149291759	0.153723138	0.156923993	0.158723738	0.159064098	0.157930079	0.155256511	0.150998842	0.145199226	0.13796095	0.129641827	0.120838863	0.111715628	0.102128207	0.092078915	0.081677079	0.071346174	0.061649155	0.052974746	0.04503529	0.038477035
211	0.044706638	0.051593573	0.060418933	0.070684427	0.082161582	0.094777068	0.108088941	0.121335697	0.133834899	0.145257733	0.155685188	0.165216799	0.173894776	0.181717471	0.188548964	0.194129019	0.198160771	0.200427437	0.200854729	0.19942394	0.196051988	0.190680284	0.183358697	0.174213799	0.163704424	0.152595566	0.141088868	0.128997909	0.116323186	0.103193957	0.090146236	0.077900327	0.066950997	0.056930235	0.048659957
212	0.04663679	0.053790793	0.062978633	0.073675306	0.085638897	0.098792182	0.112670095	0.126471143	0.139479786	0.151352773	0.162179135	0.17206848	0.181069362	0.189184011	0.196272241	0.202063952	0.206250085	0.208603428	0.209045769	0.207557898	0.204052594	0.198466291	0.190846968	0.181321748	0.170376459	0.158820253	0.146857216	0.134288743	0.121113387	0.107455392	0.093873361	0.081127186	0.069736095	0.059312273	0.050717336
213	0.045164361	0.052062481	0.060942612	0.071290897	0.082869224	0.095602294	0.109036209	0.122387689	0.134959723	0.146419112	0.156856417	0.166383614	0.175052094	0.182867841	0.189696617	0.195278265	0.19931415	0.201583047	0.202008377	0.20057185	0.197188513	0.191794307	0.18443144	0.175217772	0.164631619	0.153468613	0.141919784	0.129789057	0.117073643	0.1038827	0.090756182	0.078438588	0.067435982	0.057369154	0.049076746
214	0.05265922	0.060666501	0.071000096	0.083054186	0.096546322	0.111388313	0.127047237	0.142601382	0.157232794	0.170551525	0.182668175	0.193720336	0.203772983	0.212837566	0.220759311	0.227236612	0.2319221	0.234556325	0.235048906	0.233378893	0.229446715	0.223174643	0.214606632	0.203873517	0.1915429	0.178557642	0.165132261	0.151034015	0.136258563	0.120919327	0.105644228	0.091311654	0.078515644	0.066809982	0.057177563
215	0.055174964	0.063526289	0.074332787	0.086952096	0.101082627	0.116631904	0.133038335	0.14932698	0.16463437	0.17854949	0.191193401	0.202718048	0.213196799	0.222646355	0.230906327	0.23766266	0.242552361	0.245301762	0.245814779	0.244069892	0.2399623	0.233407164	0.22444445	0.213203512	0.200290892	0.186712515	0.172683619	0.157956396	0.142525978	0.126495192	0.110519486	0.095530667	0.082155713	0.069923042	0.059868084
216	0.048013476	0.055246725	0.064632831	0.075605845	0.087898051	0.101429154	0.115708112	0.129878331	0.143182215	0.155259376	0.166219629	0.176202245	0.185275627	0.193458422	0.200612578	0.20646659	0.21070548	0.213089373	0.213533333	0.212019018	0.208454861	0.202763953	0.194975445	0.185194655	0.173960537	0.162165431	0.149987782	0.137208721	0.123824294	0.109909151	0.096031029	0.083011106	0.071399185	0.060781551	0.052064259
217	0.046788292	0.053802542	0.062932108	0.073618171	0.085594141	0.098782313	0.112702593	0.126511929	0.139465091	0.151207292	0.161849841	0.171535759	0.180336115	0.18827312	0.19521369	0.20089514	0.205011516	0.207327148	0.207757752	0.20628586	0.202821959	0.19728788	0.189705975	0.180170964	0.169220328	0.157742312	0.145901248	0.133481021	0.120478867	0.106951593	0.093449142	0.080782395	0.0694916	0.05917056	0.050707353
218	0.05646448	0.064886855	0.07588428	0.088773084	0.103224147	0.119144729	0.135954264	0.152625037	0.168248362	0.182390784	0.195191776	0.206833187	0.217406051	0.226942078	0.235282371	0.242112341	0.247064033	0.249850521	0.250368069	0.248596108	0.244426341	0.237760345	0.228617263	0.21710104	0.203876452	0.190040048	0.175777706	0.160825457	0.145182085	0.128895541	0.112624795	0.097361832	0.083764394	0.071338853	0.061163414
219	0.065300951	0.074991248	0.087686717	0.102585477	0.119297767	0.13771799	0.157174238	0.176465728	0.194529678	0.210857524	0.225616479	0.239028078	0.251203603	0.262185446	0.271791788	0.279661757	0.28537139	0.288585714	0.289182199	0.287137678	0.282326659	0.274630369	0.264061278	0.250726642	0.235415479	0.219426847	0.202960275	0.185707057	0.167669181	0.148876692	0.130085418	0.112458722	0.096764383	0.082427841	0.07070381
220	0.067395023	0.077343177	0.09042233	0.105792823	0.123042333	0.142064108	0.162165203	0.182093388	0.200738302	0.217566233	0.232755828	0.246547921	0.259063455	0.270352135	0.28022829	0.288322696	0.294199536	0.297509583	0.298123496	0.296018035	0.29106351	0.283131981	0.272225637	0.258440702	0.242614103	0.226121244	0.209150908	0.191381168	0.172818599	0.153466212	0.134096697	0.115928097	0.099760634	0.084997816	0.072942952
221	0.060324445	0.069181619	0.080868013	0.094621172	0.110062813	0.127099651	0.145112451	0.162968745	0.179662001	0.194705897	0.208265783	0.220568432	0.231727424	0.2417926	0.250599533	0.257820657	0.263067443	0.266024093	0.266572198	0.264691557	0.260265945	0.253175982	0.243413833	0.231052213	0.21686111	0.202103883	0.186933663	0.171059288	0.154491185	0.137206393	0.11988955	0.103646662	0.089201231	0.076016394	0.065266374
222	0.060801443	0.069679202	0.081437389	0.095295932	0.110863403	0.128048745	0.14623023	0.164254334	0.181092158	0.196243031	0.209879029	0.222240858	0.233448246	0.243556908	0.252402854	0.25965915	0.264935963	0.267911375	0.268463017	0.266571182	0.262118711	0.254979999	0.245136262	0.232645702	0.218307973	0.203432881	0.188157076	0.172184286	0.155530896	0.138145399	0.120709604	0.104355221	0.089819429	0.076558471	0.06576399
223	0.080138997	0.091774598	0.107245553	0.125508224	0.14603281	0.168703724	0.19270581	0.216502648	0.238717926	0.258676412	0.276612048	0.292858736	0.307580995	0.320859551	0.332480534	0.342017426	0.348958822	0.352875435	0.353601806	0.351112843	0.345254164	0.33585305	0.322869756	0.306360029	0.287410563	0.267798582	0.247679673	0.226659548	0.204768459	0.181899645	0.158940098	0.137404441	0.11827529	0.100832726	0.086658432
224	0.086944521	0.099495031	0.116250764	0.136062095	0.158338119	0.182959141	0.209047431	0.234918413	0.259054833	0.280704867	0.300129985	0.317711676	0.333635474	0.347996999	0.360566657	0.370886833	0.378405555	0.382651184	0.383439225	0.380743474	0.374396639	0.364203074	0.350102051	0.332129188	0.311502371	0.290210299	0.268392809	0.245618023	0.22192978	0.197166908	0.17227757	0.14893136	0.128207156	0.109320797	0.094000827
225	0.078259921	0.089491574	0.104547867	0.122378584	0.142437244	0.164621498	0.188148033	0.211484908	0.233244205	0.252730892	0.270187243	0.285974325	0.300265217	0.313153265	0.324434017	0.333700205	0.34045755	0.344276186	0.344985553	0.342562972	0.336858034	0.327687173	0.314979652	0.298744652	0.280114095	0.260933912	0.241303312	0.220829459	0.199562125	0.177315047	0.154928657	0.133929651	0.115300937	0.098334037	0.084596294
226	0.063048882	0.07204427	0.084153903	0.098519063	0.114687064	0.132580342	0.151574656	0.170423215	0.187988523	0.203693877	0.217739914	0.230432575	0.241915943	0.252271189	0.26133535	0.268784277	0.27422196	0.277297434	0.277869357	0.275920231	0.271329131	0.263941838	0.253687526	0.240553754	0.225483661	0.210013239	0.194199224	0.177721585	0.160629773	0.142738553	0.124713623	0.107805185	0.092815256	0.079171154	0.06814516
227	0.052750996	0.060231298	0.070345701	0.082364922	0.095899183	0.110888238	0.126816909	0.14263153	0.157362889	0.170512661	0.182253245	0.192854028	0.202439239	0.21108188	0.218647062	0.22486716	0.229412867	0.231986359	0.232465802	0.230837243	0.226999812	0.220818866	0.212222635	0.201182659	0.188516438	0.175553521	0.162320384	0.148546115	0.134280827	0.119338127	0.104264527	0.090123879	0.077596268	0.06620114	0.057011348
228	0.063789419	0.072778551	0.084988441	0.099523961	0.11589971	0.134049045	0.153359246	0.172543634	0.190407499	0.206326797	0.220515366	0.233316156	0.24488353	0.255312038	0.264440315	0.271949362	0.277443602	0.280557459	0.28113893	0.279172015	0.274535236	0.267058608	0.256639127	0.243218872	0.227823626	0.212119254	0.19611039	0.179465206	0.162255894	0.144216855	0.12599534	0.108900533	0.093766494	0.080010584	0.068940684
229	0.069174178	0.078862138	0.092080311	0.107844075	0.125611885	0.145318229	0.166310382	0.187180128	0.206607174	0.22389068	0.23926833	0.253130925	0.26565001	0.276934946	0.28681268	0.29494229	0.300897639	0.304276423	0.304908784	0.302778308	0.297753776	0.289643113	0.278316933	0.263686693	0.246905567	0.22984387	0.2124765	0.194438344	0.175820285	0.156290911	0.136537383	0.118004048	0.101608155	0.086716245	0.074758083
230	0.068118443	0.07759737	0.090591461	0.106117041	0.123624686	0.143057395	0.163786487	0.184412798	0.203609514	0.220659116	0.235801122	0.249440502	0.261749828	0.272843718	0.282553628	0.290549301	0.296414259	0.2997459	0.300371388	0.29827557	0.29332996	0.28533714	0.27415045	0.259654652	0.243030331	0.226189143	0.20907343	0.19131784	0.17302582	0.153824596	0.134374821	0.116125024	0.099992141	0.085350961	0.073621338
231	0.070578193	0.080344334	0.093786267	0.109872224	0.128019039	0.148173535	0.169695148	0.191122843	0.211059046	0.228737115	0.244411301	0.258519554	0.271244333	0.282711226	0.292747706	0.301016097	0.307087254	0.310538863	0.311187555	0.309018434	0.303898599	0.295616396	0.284003582	0.268916814	0.25161699	0.234144422	0.21641092	0.198031107	0.179123279	0.159261793	0.139118059	0.12021591	0.103517571	0.088373387	0.076265699
232	0.071552162	0.081393497	0.094998705	0.111308282	0.129715037	0.150172269	0.172045135	0.193841146	0.214116875	0.232066408	0.247953278	0.262242288	0.275121575	0.286725668	0.296881722	0.305252797	0.311406812	0.314909353	0.315569183	0.313372165	0.308184144	0.299782336	0.287976882	0.272594207	0.254958047	0.237207666	0.21921998	0.200596705	0.181471338	0.161366735	0.140947995	0.121786285	0.104871055	0.089542043	0.077314302
233	0.067095192	0.076262665	0.088998692	0.104296169	0.121568277	0.140779553	0.161353041	0.181879061	0.200974858	0.217850973	0.232759349	0.246158229	0.258226271	0.269096763	0.278609467	0.286454617	0.292230666	0.295522974	0.296145866	0.29408719	0.289222188	0.281332881	0.270219407	0.255687254	0.239030096	0.222334075	0.205445695	0.187983326	0.170087744	0.151261278	0.132110108	0.114136238	0.098282648	0.08392888	0.072508243
234	0.054766893	0.062207618	0.072587432	0.085074832	0.099179244	0.114876695	0.131707251	0.148513018	0.164146086	0.17793997	0.190104719	0.201030106	0.210863834	0.219720167	0.227469964	0.233864285	0.238577448	0.241266509	0.241776159	0.240097152	0.236127977	0.22968474	0.220590109	0.208664492	0.194997616	0.181344821	0.167555513	0.153311231	0.138736481	0.123392309	0.107762521	0.093092458	0.080162202	0.068463905	0.059176722
235	0.060405574	0.06857407	0.080017874	0.093809598	0.109391599	0.12674499	0.145384014	0.164027641	0.181383083	0.196678737	0.210146757	0.222236469	0.233110389	0.24289978	0.251463217	0.258532595	0.26375251	0.266736372	0.26730552	0.265450964	0.261062438	0.25392822	0.243831368	0.230544845	0.215325525	0.200188126	0.184928309	0.169185817	0.153112994	0.136180762	0.118907455	0.102693454	0.088413734	0.075506937	0.065284653
236	0.067927631	0.07706134	0.089910508	0.105420874	0.12295048	0.14248431	0.163491585	0.184524413	0.204104551	0.221333745	0.23647816	0.250063695	0.262274559	0.273265264	0.282878824	0.290819	0.29668898	0.30004803	0.300690196	0.298606253	0.293672765	0.285643836	0.27425661	0.259228403	0.242018333	0.224961815	0.207794951	0.190102331	0.172067568	0.153053775	0.133629936	0.115395988	0.099349296	0.084856672	0.073404754
237	0.064945598	0.073626867	0.085892757	0.100724147	0.117491977	0.136188352	0.156322833	0.176504878	0.195296085	0.211804812	0.226290089	0.239275904	0.250939177	0.261434431	0.270613507	0.278198748	0.28381387	0.287031103	0.287648092	0.285656956	0.28094044	0.273255336	0.262330435	0.247866857	0.231308337	0.214961103	0.19853687	0.181627564	0.164421577	0.146266804	0.127692905	0.110255557	0.094922105	0.081085282	0.070178189
238	0.059814005	0.06776274	0.079041916	0.092702918	0.108152424	0.125388897	0.143976475	0.162629482	0.180000435	0.195237378	0.208583055	0.220539716	0.231270706	0.24092462	0.249366823	0.256346723	0.261520608	0.264488674	0.265059606	0.263226993	0.258883527	0.251797788	0.241701636	0.228293461	0.21294807	0.19785718	0.182721826	0.167155482	0.151343259	0.134645304	0.117536504	0.101473484	0.0873598	0.074634346	0.064627801
239	0.056789497	0.064295661	0.074988913	0.087959788	0.10263293	0.119011474	0.136694759	0.154457847	0.17100198	0.18549161	0.198161409	0.209505708	0.219679932	0.228830937	0.236832688	0.243451574	0.248363522	0.251184108	0.251727693	0.249988881	0.24586618	0.239133524	0.229520644	0.216718605	0.202071243	0.187717552	0.173344675	0.158575455	0.143595291	0.127763339	0.111519701	0.096267988	0.082877112	0.070812544	0.06134745
240	0.054310611	0.061442002	0.071651678	0.084060003	0.098101213	0.113784771	0.130747624	0.147815938	0.163722886	0.177632086	0.189770714	0.200633103	0.21036674	0.219118245	0.226768628	0.233100693	0.23780822	0.240516415	0.24104147	0.239379269	0.23543403	0.228981027	0.219740143	0.207385681	0.193257332	0.179479648	0.165714022	0.151587221	0.137289778	0.122164926	0.106619223	0.0920219	0.079217783	0.067693756	0.058678549
241	0.057861437	0.065425533	0.07628952	0.089508697	0.104470744	0.121188625	0.139284624	0.157504402	0.174483203	0.18930875	0.202227916	0.2137824	0.224129719	0.23343153	0.241563017	0.248295896	0.253305224	0.256188331	0.256746871	0.254976906	0.250776227	0.24390053	0.234039415	0.220828424	0.205724184	0.191035325	0.176377883	0.161344173	0.146144183	0.130052854	0.113495578	0.097947591	0.084318085	0.072058502	0.062486726
242	0.081216915	0.091776555	0.107004387	0.12556195	0.146571309	0.170057245	0.195511802	0.221171471	0.245091836	0.265947788	0.284091041	0.300309194	0.31482197	0.327864726	0.339264803	0.348708794	0.355744397	0.359798527	0.360586177	0.358102921	0.352206205	0.342543159	0.328652882	0.3099884	0.28865772	0.267993965	0.247410955	0.226318747	0.205026757	0.182466711	0.159219826	0.137388883	0.118266926	0.101081021	0.08769566
243	0.091498099	0.103339597	0.120474482	0.141382555	0.16505771	0.19153311	0.220255097	0.249233384	0.276251174	0.299775152	0.320208236	0.338464019	0.354789177	0.369457646	0.382277894	0.392902883	0.40082592	0.405394737	0.406283006	0.403486625	0.396845228	0.385952336	0.370266274	0.349139015	0.325001539	0.301692203	0.278507515	0.254764745	0.230825219	0.205440243	0.179250808	0.154655333	0.133126491	0.113790305	0.098762111
244	0.083511168	0.09425712	0.109872898	0.128957919	0.150573758	0.174757597	0.201029426	0.227571731	0.252330456	0.273855095	0.292518582	0.309185073	0.324077006	0.337453474	0.349142345	0.358834782	0.366072684	0.370251954	0.371067353	0.368516359	0.362453753	0.352497565	0.338125049	0.318705272	0.296528974	0.27520305	0.254031985	0.232371931	0.210568592	0.187427171	0.163515668	0.14105851	0.121418103	0.103793423	0.090130975
245	0.071096026	0.080216072	0.093498386	0.109743495	0.128145382	0.14873657	0.171111984	0.193719702	0.214800061	0.23310375	0.248955348	0.263103788	0.275739423	0.287088584	0.297007317	0.305234121	0.311378766	0.314925734	0.315614938	0.313444289	0.308288933	0.29982061	0.287587002	0.271039333	0.252144762	0.234003451	0.216007276	0.197598049	0.179074176	0.159402016	0.139060474	0.119955019	0.103252966	0.088270433	0.076673366
246	0.063170336	0.071227523	0.083012476	0.097449591	0.113806814	0.132118247	0.152044804	0.172208588	0.191022489	0.207334595	0.221436641	0.234018022	0.245244811	0.255324979	0.264132584	0.271441757	0.276909416	0.280070292	0.280687143	0.278759114	0.274176367	0.266638444	0.255720536	0.240903744	0.223994842	0.207831545	0.191830093	0.175477309	0.159050801	0.141589091	0.123504674	0.106518662	0.091682547	0.078385921	0.068121272
247	0.069236202	0.078043959	0.090951315	0.106773164	0.124701407	0.144773609	0.166619834	0.188725497	0.209342298	0.227196329	0.242614298	0.256363264	0.268626169	0.279636222	0.289257886	0.297244425	0.303219141	0.306671493	0.307341844	0.305229209	0.300211812	0.291958067	0.279997153	0.263751628	0.245213801	0.22751624	0.210006484	0.192112868	0.174142719	0.155029971	0.135223475	0.1166189	0.100375036	0.085821096	0.074600848
248	0.064672535	0.072863706	0.084906026	0.099684382	0.116432915	0.135189471	0.155620361	0.176309686	0.195607949	0.212297318	0.226688255	0.239515636	0.250948851	0.261211907	0.270180467	0.277627791	0.283203567	0.286427003	0.2870527	0.285080203	0.28039563	0.272683645	0.261489856	0.246253959	0.228873727	0.212329859	0.195983864	0.17928805	0.162537469	0.144707924	0.126210244	0.108834225	0.093672723	0.080096963	0.069652631
249	0.064358017	0.072476637	0.084451058	0.099163648	0.115839596	0.134519791	0.154888011	0.175536975	0.194807471	0.211453827	0.225787872	0.238560252	0.249936675	0.260145778	0.269065633	0.276475756	0.282030203	0.285244668	0.285870124	0.28390689	0.27924233	0.27155559	0.260376567	0.245124211	0.227733981	0.211236962	0.194962701	0.178350662	0.161703664	0.14397024	0.12555021	0.108246878	0.093159352	0.079659116	0.069294802
250	0.076618829	0.086253248	0.100494071	0.118003295	0.137851777	0.160088644	0.184339816	0.20892486	0.231857725	0.251641251	0.268655647	0.283808915	0.297299001	0.309404473	0.319983233	0.328773514	0.335362535	0.339173574	0.339911123	0.337575407	0.332030544	0.322892168	0.309594348	0.291433792	0.270728505	0.251114232	0.231777881	0.212041428	0.192269343	0.171194671	0.149288798	0.128709334	0.110772162	0.094727445	0.082428293
251	0.068650715	0.077271729	0.090023723	0.105703883	0.123480621	0.143395441	0.16510277	0.187088281	0.207572489	0.225222821	0.240389784	0.25389044	0.265905845	0.276689804	0.28611784	0.293952262	0.299819618	0.303207379	0.303855817	0.301764324	0.296808049	0.28864487	0.276774201	0.260570902	0.242092023	0.224577858	0.207308346	0.189673371	0.171996954	0.153150672	0.133558851	0.115151394	0.099108404	0.084757583	0.073764339
252	0.053954068	0.060698435	0.070711921	0.08304193	0.097022212	0.112688804	0.12978743	0.147131409	0.163304754	0.177224466	0.189167766	0.199796056	0.209247721	0.217727412	0.225138763	0.231300474	0.235922118	0.238594614	0.239108499	0.237464144	0.233564487	0.22713342	0.21775871	0.204924731	0.190297989	0.176492598	0.162906015	0.149043076	0.135168063	0.120361302	0.104947113	0.090464752	0.077853003	0.066580847	0.057966937
253	0.058477941	0.065782536	0.076629237	0.089983125	0.105125767	0.122093024	0.14059508	0.159336088	0.176784926	0.191784465	0.204644901	0.21608256	0.226251995	0.235378185	0.243359261	0.249994268	0.25496406	0.257830975	0.258374348	0.256593561	0.252380008	0.245438368	0.235332545	0.221513831	0.205757301	0.190864179	0.176198027	0.161223077	0.14622127	0.130209602	0.113543357	0.097882577	0.084243437	0.072050652	0.062736411
254	0.070073137	0.078797192	0.091783157	0.10778381	0.125929829	0.146265488	0.168450785	0.190931102	0.211859219	0.229827535	0.245214164	0.258893048	0.271048257	0.281955139	0.291494086	0.29942648	0.305370195	0.308798718	0.309446608	0.30731327	0.302267717	0.293952274	0.281834348	0.265241227	0.246324884	0.228481209	0.210926124	0.193005554	0.175063083	0.155900709	0.135938271	0.117179013	0.100849064	0.086257283	0.075129178
255	0.087370186	0.098234704	0.114418388	0.13436133	0.156980089	0.182327091	0.209967285	0.237952601	0.263979117	0.286300426	0.305399196	0.322369771	0.337445672	0.350975185	0.362812469	0.372656637	0.380027223	0.384272204	0.385066088	0.382407251	0.376128884	0.365787286	0.350725116	0.330108587	0.306600219	0.284417008	0.262589557	0.240298729	0.217970444	0.194117518	0.169265373	0.145908886	0.125578656	0.107412299	0.093567472
256	0.115009842	0.129285281	0.150577791	0.17682594	0.206598336	0.239962656	0.27634287	0.31316666	0.347392824	0.37671508	0.401780801	0.42404382	0.443813662	0.461556057	0.477082982	0.489997437	0.499664267	0.505226847	0.506259834	0.502760574	0.494506446	0.480912454	0.461111699	0.434000939	0.403086479	0.373932091	0.345253631	0.315962153	0.286620117	0.25526203	0.222577478	0.191857673	0.165124307	0.141240365	0.123056747
257	0.146698829	0.164905467	0.192053216	0.225508575	0.263459287	0.305981993	0.352298879	0.399102681	0.442529792	0.479693475	0.511443541	0.539626365	0.56465009	0.587115233	0.606788013	0.623149048	0.635376142	0.642392858	0.643674258	0.639214168	0.628719663	0.611456692	0.586352902	0.552035589	0.512882057	0.475885286	0.439461277	0.402227584	0.364886381	0.324976832	0.283392123	0.244302525	0.21027977	0.179874368	0.156727141
258	0.163349512	0.183607177	0.213823296	0.251058294	0.293299901	0.340626407	0.392142245	0.444143868	0.492334784	0.533531883	0.568703104	0.599906339	0.62760589	0.65247848	0.674269759	0.692392757	0.705922953	0.713672757	0.715070333	0.710106787	0.698448648	0.679285571	0.651443667	0.613413475	0.570009949	0.528960755	0.488531942	0.447182242	0.405684334	0.361323229	0.315101364	0.271648848	0.23382863	0.200025883	0.174303393
259	0.147186823	0.165374987	0.192579989	0.226137296	0.264210498	0.306875455	0.353352777	0.400307093	0.443833253	0.4809999	0.512689287	0.540794811	0.565728569	0.58811252	0.607722034	0.624036122	0.636224862	0.643209694	0.64446917	0.639996193	0.629490166	0.612209376	0.587065152	0.552653813	0.513393915	0.476364747	0.43994102	0.402704008	0.365367696	0.32542804	0.28377093	0.244607535	0.210539577	0.180107997	0.156995133
260	0.119101594	0.13387651	0.155896225	0.183011924	0.213777673	0.248234615	0.285662696	0.323324062	0.358113907	0.387797993	0.413115463	0.435551176	0.455464451	0.47335728	0.489052646	0.50210377	0.511819303	0.517356504	0.518323483	0.514709829	0.506259573	0.492399454	0.472323937	0.444988198	0.413760723	0.384115007	0.354869188	0.324908675	0.29477049	0.262548442	0.228997415	0.197451391	0.16998592	0.145422849	0.126729853
261	0.109252798	0.122761084	0.142943426	0.167817857	0.196043892	0.227662312	0.262027108	0.296624796	0.328585561	0.355823164	0.379024948	0.399578353	0.417810113	0.434189439	0.448557528	0.460508354	0.469408538	0.474481201	0.475364664	0.472049681	0.464300459	0.451584852	0.433146749	0.408001389	0.379282056	0.35207736	0.325266943	0.297809903	0.270209889	0.240683651	0.209912631	0.180978323	0.155798691	0.13329094	0.116191887
262	0.119092151	0.133844797	0.155843403	0.182929655	0.213667165	0.248086131	0.285421745	0.322907018	0.357448905	0.386861622	0.411914115	0.434091609	0.453767946	0.471455923	0.486986589	0.499900951	0.509495251	0.514942393	0.515868264	0.512259683	0.503850582	0.490077844	0.470165368	0.443097431	0.412156614	0.382727924	0.353673852	0.323876946	0.293858711	0.261751525	0.228323688	0.196889198	0.169520982	0.145038799	0.126421004
263	0.166958742	0.187650603	0.218483924	0.256430598	0.299495197	0.34770696	0.399940484	0.452290627	0.500447758	0.541418127	0.576301701	0.607164219	0.634545713	0.659169736	0.680804731	0.698793369	0.712136891	0.719692699	0.720954251	0.715900313	0.704148996	0.684924232	0.657176835	0.619528381	0.576472149	0.535429258	0.49487024	0.453236475	0.411235838	0.366310025	0.319557473	0.275590885	0.237304669	0.203042501	0.176980774
264	0.271303255	0.304952861	0.355047808	0.416665743	0.486597908	0.564868126	0.649553879	0.734267256	0.812056547	0.87818346	0.934469734	0.984238948	1.02839614	1.068123144	1.103051806	1.132090425	1.153595905	1.165740167	1.167730056	1.159526509	1.140494448	1.109396015	1.064594429	1.003932475	0.934522545	0.86819479	0.802579586	0.735159188	0.667040682	0.594175646	0.518389058	0.447116913	0.385039748	0.329462148	0.287169196
265	0.329916007	0.370865913	0.431767731	0.506634337	0.591608526	0.686687981	0.789412409	0.891961159	0.985949788	1.065780167	1.133710792	1.193739431	1.247001702	1.294942149	1.337123067	1.372186784	1.398109848	1.412706054	1.415049206	1.405086037	1.382025938	1.344393608	1.290285917	1.217185688	1.133499852	1.053319863	0.973912796	0.89223518	0.809575875	0.721152542	0.629237529	0.542797086	0.46749214	0.400039075	0.348685086
266	0.323189209	0.363308311	0.422948897	0.49623985	0.579431223	0.672497293	0.772938371	0.873051878	0.964669785	1.042420654	1.108553962	1.166962212	1.218784371	1.26544486	1.306524053	1.340670559	1.36588318	1.380046738	1.382282172	1.372533048	1.350010405	1.31328916	1.260564866	1.18944323	1.107991547	1.029814217	0.952333907	0.872574923	0.791758638	0.705294639	0.615446309	0.530948664	0.457329273	0.391365054	0.341138499
267	0.32353188	0.3638394	0.423550672	0.49681026	0.579966469	0.672930074	0.772967817	0.872302412	0.962927961	1.039802695	1.105221562	1.162956584	1.214208149	1.260395306	1.301105666	1.334934294	1.35983921	1.37376542	1.375894096	1.366159805	1.343747415	1.307287689	1.255142865	1.185142913	1.104908126	1.027453725	0.950501141	0.871124185	0.790418379	0.704090048	0.614524767	0.530304687	0.456882408	0.391016807	0.340761028
268	0.320195157	0.360063865	0.41913638	0.491606948	0.57387345	0.665831972	0.764721659	0.862816021	0.952212989	1.027981619	1.092423382	1.149268455	1.199722466	1.245201276	1.285304994	1.318631053	1.343146327	1.356832377	1.358896322	1.349270799	1.327138738	1.291154715	1.239728946	1.170749333	1.091667562	1.015264746	0.939333947	0.860971013	0.781235527	0.695924091	0.607419222	0.524195858	0.451645839	0.386553996	0.336901015
269	0.310579156	0.349405904	0.406711007	0.476889944	0.556554168	0.645532985	0.740914122	0.835151303	0.920765866	0.993308515	1.055045541	1.109465605	1.157795967	1.201400966	1.239898662	1.271880074	1.295338211	1.308373659	1.310273898	1.300965571	1.27963323	1.245026529	1.195766684	1.130034484	1.054621014	0.98132517	0.908299713	0.832769698	0.755624056	0.67309243	0.587616439	0.507260289	0.437169442	0.37420256	0.32605755
270	0.331876993	0.373338275	0.434545753	0.509499796	0.594591066	0.689620856	0.791421475	0.89190162	0.983092229	1.060295809	1.125963228	1.183819984	1.235194966	1.281557581	1.322507668	1.356528462	1.381464091	1.395299215	1.397288802	1.387352084	1.36460785	1.327728701	1.27526994	1.205321002	1.125055149	1.046986996	0.969187219	0.888680025	0.806389229	0.71832905	0.627130779	0.541396159	0.466619223	0.399434061	0.348076725
271	0.325307232	0.3661042	0.426099934	0.499444308	0.582706151	0.675614681	0.774829692	0.872382736	0.960660441	1.035385798	1.098987907	1.154987798	1.20474348	1.249685365	1.289426	1.322433951	1.346564778	1.359897303	1.361753215	1.352046181	1.329891642	1.29403979	1.24323038	1.175818862	1.098422418	1.022722692	0.947110818	0.868699841	0.788245677	0.702148131	0.613125459	0.529461915	0.456457138	0.390780664	0.340459522
272	0.272186004	0.306351125	0.356534767	0.417846401	0.487451002	0.565090781	0.647877028	0.729122228	0.802525972	0.864627879	0.917480277	0.963991157	1.005320567	1.042668186	1.075714858	1.103162356	1.123203144	1.134250716	1.135758763	1.127652129	1.109180596	1.079316003	1.037059524	0.981115266	0.916869365	0.853889989	0.790928704	0.725569421	0.658386588	0.586474722	0.512160624	0.442329998	0.381390969	0.326540914	0.284487659
273	0.261310083	0.294206577	0.342377289	0.401148997	0.467869188	0.542235739	0.621321041	0.698689368	0.768426848	0.827417048	0.877645177	0.921820691	0.961092303	0.996606871	1.0280614	1.054183087	1.073218249	1.083676378	1.085064243	1.077305562	1.059667308	1.031193036	0.991019276	0.9380475	0.877197147	0.817287835	0.75729384	0.694902804	0.630561197	0.561676274	0.490577897	0.423790278	0.365491248	0.31296273	0.272614943
274	0.213020767	0.239924815	0.279185023	0.327014024	0.38130973	0.44177684	0.505898321	0.568422165	0.624647394	0.672205985	0.71272487	0.748341139	0.780019527	0.808689742	0.834106922	0.855212473	0.870562733	0.878968769	0.880053183	0.873750606	0.859453663	0.836407678	0.803987412	0.761421242	0.712513927	0.664147199	0.615628708	0.565075765	0.512758233	0.456730912	0.398978054	0.344747412	0.2973979	0.254687129	0.22181323
275	0.192043205	0.21632865	0.251708837	0.294778196	0.343671639	0.398095288	0.455708205	0.511770372	0.562105564	0.60466763	0.640932164	0.672793173	0.701136877	0.726801846	0.749569944	0.768475922	0.782210377	0.789715301	0.790664042	0.784995934	0.772157257	0.751479823	0.722439616	0.684403396	0.640696371	0.597367656	0.553864614	0.508484879	0.461420243	0.411001398	0.35906245	0.310302519	0.267728064	0.229300625	0.199695846
276	0.280816151	0.316441583	0.368157883	0.431020792	0.502381524	0.581742361	0.665515908	0.746777774	0.819582026	0.881147835	0.93363748	0.979729182	1.020752554	1.05792701	1.09093569	1.118343465	1.138220497	1.149049837	1.150381902	1.142124582	1.123457279	1.093432272	1.051377397	0.996522017	0.933486108	0.870736308	0.807638083	0.741694352	0.673056517	0.599496713	0.523810677	0.452788136	0.39076643	0.334723385	0.291457996
277	0.327994447	0.3696905	0.430066804	0.503379204	0.586600961	0.679088514	0.776507223	0.870777306	0.955094352	1.02638934	1.08719405	1.140562113	1.188076624	1.231158663	1.269441081	1.301228141	1.324253032	1.336769234	1.338275457	1.328661289	1.306958391	1.272083603	1.22332997	1.159928578	1.087073941	1.014337203	0.941121601	0.864495212	0.784518187	0.698768464	0.610611927	0.527915837	0.455698382	0.39038867	0.339897662
278	0.266938132	0.300955746	0.35006624	0.409627471	0.477237436	0.552315188	0.63120698	0.707351758	0.775340604	0.832831567	0.881886154	0.924921441	0.963250852	0.998026786	1.028952212	1.054631025	1.073208479	1.083284249	1.084469828	1.076673143	1.059098426	1.030884584	0.991523632	0.940506119	0.881887806	0.823179128	0.764020242	0.702008837	0.63708637	0.567442661	0.495908391	0.428832103	0.37025486	0.317231524	0.276170502
279	0.156402982	0.176382863	0.205139315	0.239973646	0.279514065	0.323386286	0.369378461	0.4136582	0.453131446	0.486512677	0.515008897	0.539997514	0.56226182	0.582474613	0.600462732	0.61539972	0.626193823	0.632035918	0.632708742	0.62815722	0.617911074	0.6014769	0.578594113	0.549029791	0.515066625	0.480949239	0.446536589	0.410409411	0.372469745	0.331748348	0.289956886	0.250786218	0.216580026	0.185588574	0.161548755
280	0.104828577	0.118243964	0.137504953	0.160814959	0.187273988	0.216611746	0.247306435	0.276796575	0.303049718	0.325250549	0.34420788	0.360824645	0.375633625	0.38908511	0.401063783	0.41101135	0.418193426	0.422073694	0.422512076	0.419471089	0.412633244	0.401673544	0.386436831	0.366802067	0.344250052	0.321543006	0.298623189	0.274530805	0.249164032	0.221922141	0.193981888	0.167803199	0.144944626	0.124218852	0.108121117
281	0.196790774	0.22204657	0.258173867	0.301837094	0.351396574	0.406296749	0.463589522	0.518492368	0.567294393	0.608574731	0.643845613	0.674749396	0.702302601	0.727346444	0.749664911	0.768200425	0.781569408	0.788778428	0.78957629	0.783891493	0.771123858	0.750677006	0.722305833	0.685868934	0.644032087	0.601780343	0.559094199	0.514150875	0.466668268	0.415640288	0.363349248	0.314378902	0.271623875	0.232818505	0.202619792
282	0.346150286	0.390719614	0.45420105	0.530809451	0.617757566	0.713974804	0.814109591	0.909811019	0.994752207	1.066631924	1.128092681	1.181923407	1.229940227	1.273614002	1.312564796	1.344916516	1.368228226	1.380775626	1.382136637	1.372183784	1.349854951	1.314125747	1.264648059	1.201331914	1.128664738	1.055048447	0.980610861	0.902100026	0.818841988	0.729295157	0.637613796	0.551801256	0.476891998	0.408826529	0.355741018
283	0.423626605	0.478245777	0.555865505	0.649463243	0.755695122	0.873180466	0.995245996	1.111711953	1.21497567	1.302358393	1.377088527	1.442516543	1.500888953	1.554005239	1.601402938	1.640775445	1.669129884	1.68437226	1.686000631	1.673857806	1.646637858	1.603102529	1.542881245	1.465971045	1.377727249	1.288186172	1.197612804	1.101983312	1.000340783	0.890950935	0.778997579	0.67424524	0.582821314	0.499697574	0.434797344
284	0.37866448	0.427568729	0.496877725	0.580378764	0.675151173	0.779891203	0.888517156	0.991976812	1.083614268	1.1611659	1.227507705	1.285571292	1.337385821	1.384557299	1.426673742	1.461664066	1.48684891	1.500371294	1.501795316	1.490979517	1.466751799	1.42802012	1.374505832	1.306310204	1.228092563	1.148586814	1.068134751	0.983095328	0.892480936	0.794891071	0.69505745	0.601679606	0.520201439	0.446067655	0.388111567
285	0.249717038	0.2820232	0.327677831	0.382630845	0.44500199	0.513885212	0.585195405	0.652997242	0.712993405	0.763773804	0.807227247	0.845245849	0.879180902	0.910089722	0.937701339	0.960644533	0.97715028	0.986003	0.986922848	0.979816046	0.963906917	0.938484532	0.903398148	0.85878105	0.807626701	0.75554415	0.702825677	0.647038963	0.587444025	0.523213925	0.457533335	0.396122804	0.342551817	0.293774621	0.255591207
286	0.322438653	0.364219496	0.423099315	0.493910811	0.574282591	0.662987839	0.75466362	0.841690646	0.918630963	0.983759861	1.039505797	1.088263296	1.131792878	1.171458188	1.206910356	1.236373106	1.25756035	1.268912692	1.270077298	1.26093265	1.240474151	1.207794275	1.162736426	1.105550768	1.040012229	0.973188089	0.905533781	0.833867484	0.757123964	0.674349529	0.589733848	0.510647151	0.441675662	0.378833562	0.329578661
287	0.462890112	0.522956461	0.607375794	0.708821185	0.823965984	0.950971541	1.082022548	1.206244624	1.315980285	1.408878865	1.488412077	1.557953535	1.620051004	1.676660018	1.727280909	1.769356931	1.799604553	1.815797997	1.817441188	1.804359225	1.775106332	1.728392944	1.664042972	1.582517138	1.489119471	1.393768619	1.297220534	1.19484849	1.084972433	0.966372566	0.84516702	0.73191906	0.633184577	0.543166697	0.472528502
288	0.437146955	0.493977834	0.57358095	0.66914766	0.777622959	0.897188034	1.020344884	1.136900233	1.239782066	1.32689778	1.401505662	1.466721976	1.524971843	1.57809799	1.625628755	1.665143639	1.693541416	1.708732604	1.710258254	1.697952983	1.670448868	1.626541952	1.566115916	1.489711909	1.402223327	1.312782246	1.222209431	1.126070729	1.022615783	0.910851079	0.796664319	0.69001439	0.597063849	0.512256132	0.44561075
289	0.530441156	0.599469743	0.695933687	0.811670842	0.94304926	1.087788065	1.236683903	1.377431653	1.501585748	1.606714561	1.696758608	1.775444635	1.845734691	1.909865018	1.967265017	2.014993279	2.049286563	2.067619817	2.069444339	2.05455937	2.021302057	1.968221818	1.89521766	1.803032843	1.697510991	1.589542709	1.480211543	1.364073364	1.238858188	1.10348804	0.965201096	0.836076994	0.723574537	0.620874064	0.540092533
290	0.74884363	0.846390339	0.982383864	1.145449144	1.330564269	1.534408555	1.743850385	1.941609973	2.115949073	2.263576748	2.390036327	2.500515162	2.599219507	2.689305696	2.769969913	2.837054898	2.8852489	2.911000198	2.913543927	2.892596707	2.845807841	2.771142936	2.668511625	2.539077565	2.390968971	2.239310639	2.085749081	1.922509194	1.746184414	1.555422503	1.360568327	1.178672756	1.020242617	0.875541724	0.761617908
291	0.825144297	0.932694268	1.082346855	1.261707029	1.465337711	1.689486465	1.919554467	2.136582383	2.327801807	2.489713617	2.62841244	2.749552236	2.857792135	2.956612051	3.045128735	3.11875783	3.171647642	3.199895906	3.202668358	3.179652846	3.128255853	3.046246437	2.933569242	2.791604754	2.629204631	2.462820637	2.294368956	2.115195564	1.921360165	1.711516259	1.497175156	1.297132135	1.122949152	0.963793719	0.838399628
292	0.753015858	0.851261747	0.987617156	1.150941368	1.336383635	1.540419974	1.749597276	1.946711932	2.120292397	2.267276858	2.393204827	2.503164285	2.601428939	2.691172859	2.771590814	2.838496502	2.886552835	2.912209782	2.914713448	2.893779372	2.847039056	2.772468808	2.670065389	2.541194411	2.393825357	2.242743465	2.089808079	1.927028558	1.750604766	1.559465985	1.364238521	1.182080261	1.023525305	0.878574467	0.764261301
293	0.722769084	0.817091472	0.94780807	1.104329447	1.282066612	1.477572213	1.677844698	1.866424778	2.032410465	2.172944662	2.29333845	2.398438845	2.492366133	2.578170974	2.655083094	2.719083248	2.765050331	2.789583619	2.791964484	2.771920154	2.727174852	2.65579163	2.557793273	2.434550176	2.293649175	2.149153752	2.002911784	1.847188822	1.678207831	1.495025556	1.307914158	1.13335799	0.981464419	0.842558932	0.732957496
294	0.714800128	0.808136233	0.93721308	1.09170194	1.267152367	1.460077789	1.657520061	1.84327604	2.006699144	2.145060075	2.26359722	2.367054108	2.459522829	2.544020672	2.619786787	2.682845559	2.728135815	2.752301833	2.754637505	2.734873532	2.690758179	2.620383646	2.523804372	2.402448835	2.26374574	2.121446908	1.977459078	1.82405711	1.657346769	1.476502362	1.291770843	1.119469514	0.969587906	0.832465043	0.724188769
295	0.731565016	0.82709783	0.95904399	1.116929362	1.296257715	1.49340555	1.695036639	1.884613219	2.051329426	2.192458463	2.313358119	2.418854849	2.513151552	2.599339746	2.676642731	2.74099163	2.787208744	2.811864489	2.81423939	2.794058105	2.749014486	2.677159694	2.578568508	2.454748284	2.313254749	2.168065821	2.021183173	1.864643816	1.694351695	1.509524267	1.320706708	1.144618323	0.991484049	0.851347649	0.740645623
296	0.735379432	0.831432869	0.963881633	1.122320934	1.302303069	1.500122266	1.70229058	1.892241291	2.059217606	2.200553014	2.321625144	2.427250012	2.521667701	2.607988199	2.68543218	2.749910023	2.796220457	2.820921309	2.823292394	2.80305745	2.757897348	2.685857866	2.587036401	2.463000819	2.321292889	2.17585231	2.028749971	1.871916528	1.701105666	1.515604645	1.326080369	1.149360338	0.995723531	0.855082	0.743920184
297	0.700059456	0.791497984	0.917434676	1.068054842	1.239176234	1.427223847	1.619295007	1.799657624	1.958147492	2.092280976	2.207175151	2.307392048	2.396980133	2.478902804	2.552419577	2.613637896	2.657608863	2.681059228	2.683305382	2.664084636	2.621188296	2.552758629	2.458902683	2.34114807	2.206637934	2.068568535	1.928951864	1.780057225	1.61774798	1.441392265	1.261190962	1.093183889	0.947160089	0.813455303	0.707736768
298	0.668581362	0.755911063	0.876023153	1.019645339	1.182839806	1.362143589	1.545171181	1.716940749	1.867824569	1.995506549	2.104869577	2.200245697	2.285512342	2.363501222	2.433505889	2.49180977	2.533689794	2.556023459	2.558159489	2.539847389	2.498977421	2.4337784	2.34436724	2.232238595	2.104177465	1.972711334	1.839804079	1.698022871	1.543319225	1.375137557	1.203267032	1.043047145	0.903830592	0.776324289	0.675461718
299	0.656502198	0.742230205	0.860050171	1.000919451	1.161006225	1.336875988	1.516320075	1.684650171	1.83246325	1.957522995	2.064626446	2.158015632	2.241507877	2.317887512	2.386462441	2.44358409	2.484616677	2.506496412	2.508585046	2.490636825	2.450579114	2.386673454	2.299042293	2.189173448	2.06370736	1.934902748	1.804712807	1.665803536	1.51413479	1.349184082	1.180592504	1.023443034	0.88692572	0.76187049	0.662925394
300	0.622110265	0.703333046	0.814847684	0.948160407	1.09968101	1.266118715	1.435856843	1.595005578	1.734711337	1.85289552	1.954103501	2.042339534	2.121229222	2.193412667	2.258234594	2.312238619	2.351034536	2.371721416	2.373695258	2.356723433	2.318841651	2.258404048	2.175535507	2.07166845	1.953071207	1.831312558	1.708271907	1.576962962	1.433486875	1.277376025	1.117797429	0.969063553	0.839888521	0.721534635	0.627862029
301	0.595736989	0.67349125	0.78016861	0.907689693	1.05264612	1.21185861	1.374164851	1.526283241	1.659777773	1.772689242	1.869372743	1.95365334	2.029009831	2.097972375	2.159914123	2.211526107	2.248606298	2.268378489	2.270264861	2.254042772	2.217830819	2.160053515	2.080835906	1.981564495	1.868224929	1.751863758	1.634300663	1.508817683	1.371628962	1.222302387	1.069637737	0.927358719	0.803816026	0.690605019	0.60098429
302	0.643702935	0.727684561	0.842837444	0.980484494	1.136971563	1.308835251	1.483975625	1.648059316	1.792012091	1.913747792	2.017975699	2.108820771	2.190049284	2.264397734	2.331189635	2.386850603	2.426842421	2.448167077	2.450200805	2.43270318	2.393640835	2.331311677	2.24585547	2.138783647	2.01654809	1.891056079	1.7642923	1.628970272	1.480948342	1.319772003	1.154969366	1.001388783	0.868060231	0.745864906	0.649115619
303	0.770706667	0.871219935	1.008952709	1.173582433	1.360769598	1.56633414	1.775743612	1.971859534	2.143867559	2.289307005	2.413819867	2.522334319	2.619366907	2.708195574	2.788010568	2.85453352	2.902333725	2.927823657	2.93025679	2.909345381	2.862654804	2.788147778	2.685997156	2.558028093	2.411946626	2.2619752	2.110512875	1.948804056	1.771829532	1.5790597	1.381925202	1.198226683	1.038783708	0.892633745	0.776895968
304	0.856840054	0.968527908	1.121523175	1.304397097	1.512351708	1.740711203	1.973277575	2.191011323	2.381930435	2.543331839	2.681495949	2.801896747	2.90956244	3.00813959	3.09672834	3.170573171	3.223638821	3.251938652	3.254643053	3.231432053	3.17959852	3.096877212	2.98346295	2.841394224	2.679224197	2.512742263	2.344632149	2.165134205	1.968620556	1.754506389	1.535514908	1.331459406	1.154377569	0.9920438	0.863478639
305	0.82905548	0.937077268	1.084977552	1.261757989	1.462807755	1.683572059	1.908336366	2.118697937	2.303108119	2.458984828	2.592409277	2.708669585	2.812637393	2.907842607	2.993414682	3.064753599	3.116022667	3.143366269	3.145981804	3.123559777	3.073480853	2.993553475	2.883970085	2.746715166	2.590049042	2.42922207	2.266850122	2.093462167	1.903559633	1.696585552	1.484868731	1.287602691	1.116443269	0.959520497	0.835222531
306	0.789271839	0.892057234	1.032747465	1.200911919	1.392183115	1.602201331	1.815972343	2.015988782	2.191290488	2.339446401	2.466252664	2.576739514	2.675549368	2.766043615	2.847393234	2.915219806	2.963968983	2.989971667	2.992463782	2.971150569	2.923538397	2.847540747	2.743342529	2.612839611	2.46388481	2.310979658	2.156627986	1.991793796	1.811204409	1.614330787	1.412920688	1.225266035	1.062470926	0.913203959	0.794960293
307	0.806098519	0.911019513	1.054597766	1.226217379	1.421438487	1.635786014	1.853913611	2.057952043	2.236740429	2.387822141	2.517124012	2.629779963	2.73053524	2.822823313	2.905796961	2.974985221	3.024717626	3.051248361	3.05379698	3.032062278	2.983497609	2.905971838	2.799675042	2.666548947	2.514603435	2.358634079	2.201210685	2.033087101	1.848843161	1.647937951	1.442378412	1.250865349	1.084747002	0.932421017	0.811745247
308	0.862845771	0.975105873	1.128683078	1.312255748	1.521093553	1.75038367	1.983667866	2.201832103	2.392963201	2.554457088	2.692663186	2.813071975	2.920766389	3.019421848	3.108130974	3.182108982	3.235288586	3.263661614	3.266392462	3.243158637	3.191234521	3.108338968	2.994677114	2.852333795	2.689872435	2.52311412	2.354822773	2.175083039	1.978056665	1.76316596	1.54327302	1.338413655	1.160742368	0.997810046	0.868720536
309	0.754771352	0.852910376	0.987161526	1.147640927	1.33022323	1.530682402	1.734596613	1.925251401	2.092249275	2.233332641	2.354063972	2.459245718	2.553326396	2.639520974	2.71703492	2.781683179	2.828160214	2.852961246	2.855355249	2.835059828	2.789690921	2.717252731	2.617924216	2.493530197	2.351554822	2.205830344	2.058782209	1.901726944	1.729535927	1.541697552	1.349465333	1.170380887	1.01508245	0.872659845	0.75981774
310	0.75456289	0.852632355	0.986745991	1.147061119	1.329474034	1.529740275	1.73341536	1.923802775	2.090538899	2.231389937	2.351921101	2.456928197	2.550859741	2.636928109	2.714337533	2.778904853	2.825328494	2.850105943	2.852505878	2.832245819	2.786943202	2.714603268	2.615406396	2.491182105	2.349402871	2.20388256	2.057058439	1.900235793	1.728256659	1.540610359	1.348554374	1.169640424	1.014509533	0.872228954	0.759486874
311	0.951985417	1.075640307	1.244735207	1.446875406	1.676898218	1.92942984	2.186217317	2.426202362	2.636337686	2.813828773	2.965706462	3.09802071	3.216385984	3.324854593	3.422421298	3.503809	3.56233142	3.593571362	3.596605982	3.571078561	3.513983587	3.422804042	3.297766694	3.141180503	2.962465433	2.779041759	2.593993288	2.396339852	2.179549759	1.942970295	1.70080598	1.475218674	1.279640521	1.100254893	0.958107854
312	0.963513456	1.088597117	1.259626271	1.464085142	1.696766004	1.952210635	2.211916369	2.454580034	2.667027467	2.846455526	2.99998849	3.133746866	3.253413316	3.363086686	3.461747362	3.544054835	3.603244626	3.634847809	3.637929847	3.612129294	3.554405251	3.462210474	3.335774273	3.177435231	2.996718444	2.811244735	2.624146259	2.424300139	2.205069885	1.9657884	1.720834099	1.49265386	1.294848822	1.113410854	0.96962986
313	0.934841775	1.056137069	1.221969166	1.420222086	1.645859485	1.893567123	2.145365589	2.380594974	2.5865023	2.760391343	2.909182053	3.038810292	3.154790012	3.261095958	3.356736846	3.436531629	3.49391986	3.52456732	3.52756683	3.502567371	3.446619494	3.357251926	3.234686831	3.081194577	2.906008647	2.726216109	2.544865929	2.351157116	2.138626721	1.906620865	1.669091541	1.447833663	1.256049636	1.080125376	0.940706548
314	0.949308533	1.072407691	1.240711499	1.441929052	1.670956264	1.922382883	2.17792874	2.416619261	2.625527579	2.801936392	2.95288231	3.084393016	3.202066487	3.309935838	3.406991919	3.487973544	3.546221031	3.577334853	3.580393354	3.555039523	3.498279273	3.407603235	3.283235476	3.127479667	2.949705841	2.767260997	2.583248528	2.386697237	2.171030078	1.935572178	1.694488036	1.46992305	1.275288831	1.096744436	0.955247451
315	0.893587944	1.009404742	1.167726199	1.357012678	1.572477052	1.809009703	2.049379629	2.273855312	2.470298345	2.636173708	2.778110756	2.901778971	3.012445713	3.113902991	3.205197866	3.28137836	3.336178635	3.365459067	3.368351296	3.344518865	3.291145017	3.205868529	3.08890049	2.942411091	2.775211695	2.603620385	2.430569555	2.245725605	2.042875445	1.821379116	1.594570402	1.383307725	1.200220061	1.032258088	0.899136654
316	0.861572099	0.973180281	1.125753313	1.308174856	1.51583744	1.743803794	1.975442898	2.191734743	2.380994914	2.54079566	2.677536072	2.796681976	2.903310133	3.001073488	3.089050837	3.162467608	3.215284468	3.243511641	3.246311449	3.223359021	3.171939584	3.089776812	2.977072957	2.835918723	2.674804633	2.509460553	2.342719806	2.164617936	1.969154372	1.755703061	1.537116427	1.333515503	1.157080293	0.99521681	0.866926715
317	0.983467258	1.110800593	1.284856084	1.492968086	1.729892368	1.989977912	2.254218463	2.500913721	2.716754805	2.898993067	3.05493981	3.190830514	3.31245656	3.423982053	3.524351686	3.60811551	3.668382809	3.700601244	3.703813746	3.677648928	3.619009827	3.52529909	3.39674707	3.235740143	3.051961764	2.863358518	2.673174983	2.470034519	2.247070477	2.003560663	1.754173196	1.521887449	1.320610504	1.135948725	0.989579671
318	1.004293257	1.134255499	1.311909476	1.524331521	1.766175655	2.031660308	2.301359101	2.553118744	2.773371171	2.959328677	3.118465345	3.257147163	3.381283602	3.495121039	3.597577945	3.68308868	3.744619142	3.777522498	3.78082066	3.754133689	3.694300833	3.59867065	3.467476963	3.303154146	3.115584215	2.923089241	2.728990203	2.521671806	2.294113367	2.045566956	1.791005162	1.553902961	1.348464715	1.159980197	1.01057676
319	0.934735414	1.055645653	1.220901398	1.418501138	1.643485047	1.890457736	2.141318995	2.37546223	2.580286619	2.753217822	2.90121637	3.030202062	3.145670964	3.251569427	3.346887054	3.426443918	3.483696182	3.514320574	3.517405774	3.492597734	3.436956705	3.348016195	3.225993977	3.073156839	2.898694268	2.719649496	2.539124126	2.346305053	2.134640871	1.903430906	1.666609224	1.446034428	1.254930003	1.079587846	0.940589325
320	1.062597456	1.199969991	1.387752161	1.612297661	1.867972376	2.148635682	2.43369709	2.699734103	2.932440722	3.128907806	3.297057738	3.443620515	3.574837949	3.695189369	3.803521718	3.893945767	3.959024875	3.993846557	3.997374185	3.969204406	3.905997241	3.804949756	3.666307056	3.492640646	3.294391674	3.090933857	2.885798625	2.666701633	2.426195267	2.163468619	1.894351124	1.64369807	1.426543319	1.227297524	1.069350091
321	1.051257763	1.187109637	1.372779961	1.594800554	1.847616519	2.125137385	2.406972417	2.669965329	2.899995559	3.094208527	3.260445816	3.405358144	3.535113782	3.654135339	3.761276707	3.850711597	3.915086518	3.949543451	3.953055423	3.925222792	3.862744191	3.762848699	3.625779268	3.454081152	3.258074077	3.056912589	2.854103763	2.637494371	2.399698457	2.139909442	1.873784933	1.625923569	1.41120099	1.214176517	1.057972692
322	0.954758125	1.078077171	1.246633553	1.448197203	1.677728649	1.929689587	2.18554863	2.424279641	2.633075908	2.809360193	2.960261226	3.091818096	3.20962709	3.317698368	3.414986886	3.49620064	3.554663491	3.58596532	3.589172763	3.563922177	3.507217176	3.416542296	3.292116502	3.136247605	2.958302762	2.775675802	2.591557712	2.39491756	2.179045983	1.943199535	1.701589913	1.476562962	1.281629694	1.10276082	0.960948072
323	0.925647807	1.045153157	1.208496376	1.403829779	1.626276296	1.870458791	2.118399063	2.349720313	2.552027012	2.722836856	2.869066367	2.99656706	3.110757469	3.215517471	3.309829068	3.388561108	3.445243641	3.475602901	3.478733008	3.454280705	3.399343374	3.311483908	3.190913735	3.039867954	2.867421603	2.690432825	2.512003314	2.321444909	2.112248796	1.883686209	1.649528129	1.431443188	1.242530823	1.069182232	0.931738265
324	0.973129633	1.098716379	1.270344919	1.475586145	1.709328957	1.965908359	2.226408584	2.469422481	2.681947404	2.861394068	3.015036669	3.149019705	3.26903159	3.379141673	3.478274129	3.561034463	3.620624404	3.652552941	3.655866328	3.63019257	3.572483246	3.480178521	3.353500982	3.194800672	3.013609148	2.827638548	2.640161609	2.439945407	2.220135092	1.979960155	1.733893245	1.504719897	1.306212241	1.124050361	0.979602184
325	1.133842072	1.280094984	1.4799966	1.719057483	1.991325119	2.290194576	2.593615867	2.876649725	3.124163254	3.333155361	3.512109996	3.668185756	3.808001857	3.936290773	4.051793451	4.148223438	4.217662323	4.254879907	4.258764189	4.228880797	4.161680391	4.054181972	3.90664245	3.721793745	3.510735965	3.29410556	3.075721387	2.842508536	2.586485889	2.306741281	2.020124063	1.75318548	1.521971343	1.309795358	1.141545542
326	1.298339364	1.46574615	1.694534635	1.968141199	2.279768325	2.621839707	2.969089409	3.292978299	3.57621326	3.815382933	4.020205967	4.198870457	4.358943863	4.505831619	4.638084089	4.748502303	4.828023634	4.870661818	4.875141677	4.840964906	4.764071516	4.641051268	4.472198439	4.26064043	4.019076405	3.771124055	3.521171119	3.254254242	2.961223794	2.64102845	2.3129534	2.007406476	1.742761093	1.499896988	1.307292005
327	1.351642159	1.52585541	1.763928937	2.048640196	2.372928476	2.728895692	3.090224294	3.427220243	3.721913364	3.970776117	4.183930456	4.369892206	4.53652624	4.68944545	4.827132326	4.942091558	5.024892887	5.069307134	5.074004932	5.038466494	4.958469574	4.830467324	4.654765813	4.434618672	4.183235557	3.925192697	3.665071968	3.387307543	3.082368427	2.749151896	2.407723965	2.089743418	1.814336681	1.56158892	1.361127137
328	1.282082118	1.447259717	1.673008168	1.942986204	2.250500792	2.588056936	2.930683725	3.250221901	3.529645776	3.765625963	3.96777021	4.14415287	4.302222158	4.447290076	4.57791009	4.686971284	4.765531809	4.807685835	4.812171293	4.778494078	4.702652683	4.581285324	4.414680405	4.205918118	3.967521279	3.722798256	3.476102915	3.212687487	2.923519214	2.60753917	2.283765757	1.982227973	1.721065296	1.481388202	1.291286898
329	1.373131721	1.549974735	1.791634111	2.080638882	2.409841091	2.771200362	3.137956368	3.479971207	3.779048175	4.031647868	4.248063199	4.43693098	4.606213829	4.761584951	4.901485864	5.018300049	5.102455804	5.147630914	5.152471539	5.116447482	5.035278108	4.905366829	4.727022887	4.503544347	4.248330834	3.98633158	3.722226136	3.440230754	3.130661686	2.792378395	2.445739644	2.122909697	1.843314722	1.586711331	1.383160485
330	1.457594981	1.645249097	1.901669106	2.208327175	2.557650471	2.941094958	3.330242182	3.693117249	4.010436282	4.278465146	4.508133473	4.708600278	4.888303101	5.053248399	5.201772745	5.325790136	5.415144795	5.463128754	5.468303025	5.430103742	5.343991816	5.206153192	5.016915742	4.779777477	4.508951302	4.230910281	3.950635725	3.651388359	3.322886999	2.963912215	2.596062063	2.253479538	1.95678295	1.684477106	1.468450929
331	1.371945869	1.548501359	1.789766146	2.078302974	2.406992344	2.767787861	3.133933065	3.475343633	3.773894641	4.026091497	4.242227285	4.430916576	4.600085599	4.755372042	4.895201101	5.011960378	5.096094826	5.141293811	5.14620127	5.110285223	5.029277866	4.899592871	4.721537506	4.498398715	4.243544781	3.981886505	3.718123692	3.436520804	3.127407808	2.789625017	2.443484877	2.121121742	1.841938456	1.585702657	1.3824123
332	1.331325824	1.502599107	1.736624079	2.016500033	2.335333668	2.685308934	3.040452392	3.371588881	3.661161656	3.905801279	4.115497965	4.298600968	4.462785993	4.613507179	4.749226972	4.862557301	4.944230573	4.988125881	4.992925254	4.958111395	4.879547912	4.753758793	4.581042418	4.364586371	4.117352054	3.863500792	3.607607768	3.33441928	3.03455016	2.706868938	2.371074419	2.058347597	1.787513268	1.538932668	1.341693958
333	1.298314542	1.465280515	1.693409769	1.966235285	2.277047723	2.618217537	2.964405714	3.287176026	3.569435911	3.807919951	4.012373534	4.190930294	4.351061135	4.498069851	4.630448311	4.740990634	4.820663421	4.863500516	4.86821489	4.834301089	4.757729931	4.635115262	4.466747706	4.255732802	4.014700478	3.767203061	3.517714953	3.251376619	2.959036122	2.639582045	2.312211791	2.007331966	1.743297189	1.500951313	1.308641281
334	1.303926048	1.471557454	1.7005981	1.974513311	2.286573074	2.629112318	2.97667858	3.300725646	3.584110997	3.823572666	4.028901334	4.208258138	4.369129975	4.516827185	4.649825885	4.760887447	4.840943219	4.884004176	4.888775987	4.85474983	4.777883843	4.654781187	4.485733091	4.273853988	4.031819139	3.783275086	3.532726999	3.265272024	2.971726854	2.650966547	2.322256002	2.016127997	1.75101133	1.507668973	1.314552931
335	1.335788397	1.507460655	1.74199875	2.022485349	2.342042186	2.692809055	3.04870282	3.38049942	3.67067018	3.915895594	4.126206939	4.309953638	4.474788558	4.626134077	4.762419084	4.876226958	4.958272316	5.002422837	5.007350391	4.972532633	4.893834346	4.767780146	4.5946687	4.377688466	4.129812822	3.875253395	3.618640628	3.344724976	3.044098067	2.71560152	2.378957854	2.065443004	1.793931825	1.544712328	1.346908458
336	1.213304049	1.369185562	1.582138744	1.836810271	2.126964207	2.44545594	2.768587961	3.069830994	3.333289443	3.555965906	3.746973279	3.913886524	4.063642058	4.201149977	4.324974672	4.428378482	4.50293151	4.543066486	4.54757534	4.515982684	4.444537077	4.330085578	4.172899409	3.975871961	3.750777614	3.519598386	3.286552147	3.037804505	2.764812546	2.466517887	2.16082204	1.876129573	1.629580283	1.403267926	1.223626871
337	1.128561539	1.273510636	1.471523264	1.708325455	1.978125753	2.274275918	2.574730513	2.854826436	3.099800678	3.30688084	3.484544912	3.639830792	3.779175455	3.907130963	4.022353518	4.118574691	4.187956933	4.225324389	4.229551703	4.200195685	4.133771342	4.027349699	3.881182869	3.697958882	3.488621093	3.273608124	3.056854206	2.825509645	2.571634404	2.294237818	2.009957924	1.745210058	1.515931946	1.305469272	1.138393114
338	1.224801781	1.382065371	1.596887164	1.853788143	2.146494561	2.467787351	2.793737202	3.097594021	3.363361978	3.588049963	3.780859855	3.949419999	4.100699768	4.23962263	4.364720809	4.46918996	4.544528283	4.585121323	4.589745831	4.557919763	4.485865935	4.37040984	4.211825232	4.013026552	3.785880464	3.552558424	3.317342979	3.06630795	2.79084097	2.489861274	2.181412159	1.89415595	1.645384171	1.417022322	1.23571692
339	1.308972374	1.476991718	1.706490963	1.980942045	2.293653127	2.636903714	2.985114242	3.309713564	3.593634972	3.833700951	4.039746654	4.219914359	4.38163569	4.530155424	4.663895268	4.775582028	4.856134211	4.899554571	4.904533852	4.870555861	4.793589051	4.670245073	4.500816591	4.288415518	4.04571354	3.79639485	3.545049736	3.276814228	2.982487692	2.660908887	2.331347099	2.024429588	1.758630912	1.514633182	1.320892424
340	1.376418101	1.553043692	1.794286391	2.082777459	2.411492162	2.772309007	3.138327474	3.479521895	3.777974307	4.030362547	4.247029434	4.436525955	4.606647602	4.76289022	4.903583472	5.021077741	5.105828142	5.151531579	5.156809191	5.121116975	5.040221328	4.910564172	4.732453353	4.509157581	4.25399051	3.991845801	3.727564339	3.44553941	3.136103782	2.798029935	2.451564019	2.128903887	1.849469408	1.592949115	1.38924316
341	1.340694983	1.512690878	1.747592711	2.028496229	2.348571706	2.699904997	3.056291164	3.388502262	3.679113534	3.924907632	4.135958941	4.320585149	4.486360595	4.638619488	4.775724279	4.890222307	4.972820932	5.017383667	5.022565251	4.987834643	4.90907378	4.782821805	4.609378976	4.391926314	4.143421033	3.888099221	3.630690422	3.356015135	3.054663273	2.725434077	2.388033266	2.073815419	1.801689828	1.551873438	1.353468012
342	1.329495974	1.500006553	1.732865034	2.011321831	2.328616804	2.676897711	3.030174518	3.359480969	3.64756559	3.891256332	4.100543693	4.283665092	4.44811398	4.599162206	4.735175857	4.848763135	4.930713598	4.974945097	4.980121602	4.945715464	4.867648431	4.742493116	4.570547473	4.354963029	4.108578237	3.85541573	3.600179121	3.327836617	3.029062196	2.702659403	2.368154737	2.056634476	1.786843844	1.539165468	1.342435948
343	1.371456847	1.547303757	1.787434475	2.074582555	2.401786512	2.760943745	3.125242542	3.46482077	3.761910122	4.013256656	4.22916603	4.41812411	4.587841281	4.743736171	4.884112394	5.001343126	5.08593176	5.131607281	5.136989276	5.101532249	5.021035046	4.89196715	4.7146363	4.492290312	4.238161892	3.977020534	3.713732628	3.432815683	3.124657388	2.788018317	2.443025472	2.121737505	1.84348406	1.588031322	1.385103475
344	1.198814132	1.352487414	1.562325537	1.813245087	2.099170961	2.413018881	2.731351868	3.028082763	3.287703453	3.507384973	3.696135298	3.861361953	4.009787484	4.146131207	4.268900733	4.371427759	4.44541502	4.485383586	4.49012488	4.459161029	4.38882482	4.276034608	4.121059763	3.926736468	3.704622225	3.476358728	3.246212164	3.000670156	2.731338165	2.437128506	2.135620712	1.854829582	1.611644928	1.388383123	1.211007106
345	1.194981288	1.348122597	1.557219305	1.807248704	2.092166421	2.404907414	2.722106927	3.017777397	3.27648498	3.49542585	3.683578836	3.848317667	3.996327223	4.132295442	4.25472554	4.356969239	4.430759921	4.470638916	4.475399665	4.444564896	4.374484077	4.26208963	4.107650392	3.913991029	3.692622625	3.465107547	3.235710695	2.99098213	2.72255949	2.429354073	2.128876105	1.849044321	1.606688665	1.384183015	1.207387142
346	1.313207619	1.481462303	1.711176952	1.985854519	2.298864121	2.642439886	2.990905487	3.315720314	3.599949433	3.840528192	4.047322682	4.228424565	4.391161048	4.540664862	4.675280603	4.787700535	4.86884446	4.912716524	4.917988621	4.884135143	4.807150033	4.683667175	4.513982603	4.301197766	4.057952214	3.807930473	3.555833244	3.286902941	2.991957981	2.669798101	2.33965115	2.032188627	1.765898194	1.521413246	1.32713023
347	1.272065087	1.435003661	1.657446326	1.92342517	2.226528756	2.559230971	2.89665699	3.211177312	3.486413655	3.719414511	3.919736695	4.095207764	4.252908138	4.397792409	4.52824724	4.637192433	4.715836666	4.758374896	4.763518691	4.730757918	4.656217303	4.536640654	4.372314992	4.166241782	3.930654551	3.68848524	3.444300289	3.183825286	2.898172502	2.58617413	2.266441325	1.968677703	1.710785386	1.474005856	1.285824485
348	1.251198687	1.411433591	1.630167072	1.891704262	2.189749409	2.516898848	2.848687206	3.157955397	3.428617393	3.657784854	3.854856143	4.027519142	4.182719872	4.325313519	4.4537032	4.560923174	4.638330268	4.680217288	4.685314848	4.653120137	4.579826823	4.462236895	4.300633402	4.097966254	3.866258655	3.628055833	3.387862409	3.131660277	2.850715837	2.543877667	2.229437931	1.936603163	1.682974449	1.450105084	1.26500914
349	1.230380755	1.387907984	1.602930682	1.860026721	2.153016385	2.474616346	2.800766508	3.104776628	3.370853779	3.596174354	3.789980035	3.959820166	4.112507604	4.252799082	4.379114365	4.484602075	4.560767068	4.601999943	4.607050438	4.575423071	4.503380126	4.387781356	4.228905467	4.02965053	3.801829754	3.567602792	3.331412386	3.07949496	2.803269104	2.501597905	2.192454893	1.904552948	1.655193785	1.426239715	1.244234347
350	1.356931754	1.530625091	1.767697714	2.051152779	2.37418603	2.728763185	3.088349626	3.423527505	3.716904496	3.96538233	4.179151718	4.366526911	4.53500297	4.689807457	4.829187291	4.94558473	5.029635152	5.075155093	5.080763614	5.045913244	4.966487385	4.839027631	4.663841939	4.444123862	4.192891629	3.93457329	3.674081981	3.396261225	3.091655301	2.759006718	2.418123193	2.100661441	1.825695207	1.573224955	1.372502728
351	1.434257019	1.617796583	1.868308214	2.167834199	2.509190748	2.883879252	3.263844568	3.618003437	3.927994296	4.190558583	4.416471482	4.61451556	4.792602131	4.95624527	5.10358531	5.226632739	5.315492212	5.363630001	5.369585125	5.332778052	5.248860893	5.114180695	4.929062299	4.696878335	4.431381734	4.158386841	3.883096414	3.589502337	3.267610776	2.916084626	2.555849617	2.220367219	1.929797017	1.662996005	1.450869738
352	1.298143217	1.464219441	1.690895761	1.961925017	2.270812229	2.609859892	2.953668375	3.274114036	3.554597048	3.792182324	3.996625652	4.175871148	4.337069443	4.485201002	4.618576602	4.729963925	4.810409286	4.854000893	4.859415199	4.826126891	4.750203683	4.628341598	4.460834082	4.25073107	4.010473974	3.763422239	3.514293482	3.248609956	2.957327449	2.639228803	2.313244169	2.00965972	1.746720667	1.505287662	1.31332133
353	1.339584736	1.510911731	1.744756722	2.02436113	2.343030279	2.692814105	3.047492975	3.378055048	3.667390778	3.912486489	4.123413079	4.308363569	4.474707731	4.627575382	4.76521755	4.880170183	4.963196576	5.008198244	5.013808282	4.979483897	4.901170164	4.775459732	4.602654632	4.385899416	4.138026272	3.883135324	3.626103252	3.352000328	3.051493537	2.723318941	2.387001269	2.073795332	1.802528122	1.553444991	1.355386728
354	1.51093318	1.704127912	1.967817846	2.283108705	2.642457615	3.036891905	3.43683137	3.809564929	4.135816171	4.412201611	4.650083208	4.858695723	5.046339871	5.218789463	5.374064731	5.503745643	5.597416933	5.648202123	5.654558003	5.615871466	5.527572437	5.385820506	5.190955894	4.946522667	4.666987156	4.37952606	4.089649942	3.78053259	3.441648923	3.071566342	2.692296165	2.339090416	2.033182462	1.752288222	1.528923634
355	1.521203549	1.715650451	1.981051103	2.2983914	2.660086515	3.057094905	3.459624785	3.834754668	4.163101689	4.44127779	4.680726669	4.890740065	5.079663546	5.253297953	5.409642764	5.540219593	5.634545757	5.685700463	5.692128599	5.653211981	5.564353056	5.421687993	5.22555845	4.979529218	4.698157044	4.408797051	4.117007723	3.805861473	3.464762094	3.092257848	2.710497573	2.35497447	2.047065197	1.76432943	1.539488931
356	1.368848103	1.543778126	1.782539383	2.068028876	2.393428421	2.750596736	3.11271942	3.450182133	3.745561976	3.995823711	4.211267287	4.400248455	4.570267132	4.726533037	4.867239994	4.984757755	5.069656163	5.115709468	5.121517118	5.086522141	5.006590469	4.878247564	4.701800396	4.480454322	4.227301994	3.966953634	3.70441956	3.424478787	3.117597779	2.78246388	2.438998214	2.119138961	1.8421202	1.587746733	1.3854508
357	1.188365868	1.340192409	1.54741877	1.795203072	2.077632639	2.387634936	2.701925384	2.994803625	3.251161414	3.468376396	3.65539285	3.819459838	3.967079005	4.102763412	4.224939296	4.326981459	4.400705524	4.440708331	4.44577284	4.415414818	4.346048116	4.234658545	4.081512196	3.889389524	3.669651067	3.443657297	3.215765982	2.972773813	2.706405836	2.415516655	2.11739186	1.839758074	1.599311796	1.378518562	1.202918565
358	1.002581976	1.13063912	1.305421716	1.514413682	1.752632413	2.014106957	2.279187991	2.526201107	2.742415044	2.925628314	3.083388884	3.221808231	3.346363544	3.46085401	3.563947	3.650052237	3.712266952	3.746034175	3.750326153	3.724733768	3.666233953	3.572285648	3.443113005	3.281059876	3.095705722	2.90506735	2.712828159	2.507858155	2.283177289	2.037814282	1.786344744	1.552160245	1.349345679	1.163106032	1.014978763
359	1.167633808	1.316740395	1.520250676	1.76359391	2.04097306	2.345430313	2.654077279	2.941680137	3.193427184	3.406765396	3.590486722	3.751703733	3.896786534	4.030150771	4.150239125	4.250540075	4.323016706	4.362363436	4.367382247	4.337596077	4.269486865	4.160097332	4.009688284	3.820987548	3.605146378	3.383143024	3.159274689	2.920589273	2.65895952	2.373249627	2.080426778	1.80773223	1.571567712	1.354701412	1.182205712
360	1.402254115	1.58127871	1.82562008	2.117787157	2.450825813	2.816375141	3.186942002	3.532233668	3.834482623	4.09063738	4.311258675	4.504881862	4.679145425	4.839340326	4.983589323	5.104071247	5.191137164	5.238417445	5.244471934	5.208726891	5.126960849	4.995625093	4.81503251	4.588456507	4.329282061	4.06269663	3.793870617	3.507262826	3.193115467	2.850058336	2.498457344	2.171025917	1.887459062	1.627060912	1.419927857
361	1.27736975	1.440411971	1.662936597	1.929017286	2.232326377	2.565243106	2.90271797	3.217166765	3.492422975	3.725720071	3.926680047	4.103072101	4.261843688	4.40780351	4.539235042	4.649012514	4.728348988	4.771443981	4.776984287	4.74444652	4.669988421	4.550379916	4.385905775	4.179545595	3.943485892	3.70066526	3.455802594	3.194753287	2.908631035	2.596182213	2.275949234	1.977730359	1.71946418	1.482296769	1.293631215
362	1.300554945	1.46651787	1.693026163	1.963871442	2.272618239	2.611502769	2.955015628	3.275082281	3.555261053	3.792748052	3.997341517	4.176945747	4.338624068	4.487261963	4.621105515	4.732898555	4.813697376	4.857598121	4.863262522	4.830157024	4.75437279	4.632623591	4.465199059	4.255130643	4.014819848	3.767616086	3.518332556	3.252579918	2.961312802	2.64324935	2.317259079	2.0136797	1.750773027	1.509341539	1.317272789
363	1.400629321	1.57932182	1.823199079	2.114813348	2.447241885	2.812118893	3.181967327	3.526564465	3.828223991	4.083940594	4.304268051	4.497711916	4.671866788	4.831981554	4.976160016	5.096586343	5.183631621	5.23093979	5.237068123	5.201441189	5.119853069	4.988767646	4.808496645	4.582302323	4.323533309	4.057329199	3.788883612	3.502714339	3.189083203	2.846604078	2.495587606	2.168703341	1.885615252	1.625647817	1.418819807
364	1.390151774	1.567471365	1.809468888	2.098834748	2.42870559	2.790774374	3.157766204	3.499696583	3.799031132	4.052800472	4.271480368	4.463505498	4.636401191	4.795364406	4.93850577	5.05806654	5.144492723	5.191477807	5.197588345	5.162252402	5.081299247	4.951222281	4.772330866	4.547860605	4.291053279	4.026853884	3.760427208	3.476421573	3.165175515	2.8253085	2.476968677	2.152577682	1.871648888	1.613661551	1.408395371
365	1.505106033	1.69704477	1.958989576	2.27220793	2.629277359	3.021198809	3.418436656	3.788539601	4.112544873	4.387252475	4.624005807	4.831929551	5.01915868	5.191306996	5.346321243	5.475799778	5.569401874	5.620301829	5.626946164	5.58871486	5.501096205	5.360296724	5.166651116	4.923659956	4.645652533	4.359629701	4.071193777	3.763738699	3.426807469	3.058899418	2.681817357	2.330661282	2.026554731	1.747279236	1.525061126
366	1.681241336	1.895597777	2.1881285	2.537918499	2.936686251	3.374375041	3.817989008	4.231294554	4.593134137	4.899949822	5.164413315	5.396707853	5.605904714	5.798258735	5.971467114	6.116143282	6.220740052	6.277635464	6.285092349	6.24241714	6.144574851	5.987331965	5.77106237	5.499673551	5.189162928	4.869682779	4.547503553	4.204094537	3.827780148	3.416878459	2.995730545	2.603539094	2.263894926	1.951979985	1.703773442
367	1.698199405	1.914676465	2.210091487	2.563328389	2.966031726	3.40803928	3.856019477	4.273389021	4.638801279	4.948678701	5.215821146	5.45050483	5.661876275	5.856236982	6.031251396	6.177436469	6.283132244	6.340642409	6.348210314	6.305134392	6.206333737	6.047536184	5.829119541	5.555028056	5.241411636	4.918718048	4.593293786	4.246440653	3.866371072	3.451381046	3.026043832	2.62995176	2.286928396	1.9719066	1.721209566
368	1.576777381	1.777738183	2.051970697	2.379877763	2.753710081	3.164028132	3.579880652	3.967314215	4.30653037	4.59422187	4.842273413	5.060217563	5.256532466	5.437054554	5.599606762	5.735382532	5.83355907	5.886992734	5.894050768	5.854080931	5.762369997	5.614954861	5.412186411	5.157724495	4.866556352	4.566944901	4.264794254	3.942760544	3.589904156	3.204638275	2.809767176	2.442047222	2.123593721	1.831132937	1.598373535
369	1.625332471	1.832443867	2.11505866	2.452985964	2.838247243	3.261108899	3.689664755	4.088931579	4.438524725	4.735050547	4.990759472	5.215467659	5.417898003	5.604050226	5.771670717	5.911679914	6.012925406	6.068046054	6.075356866	6.034184544	5.939675602	5.787749009	5.578766735	5.316498845	5.01638536	4.707550789	4.396093697	4.064155836	3.700467075	3.303387367	2.896410113	2.517416911	2.189198409	1.887766235	1.647848194
370	1.659147842	1.87053285	2.15896661	2.503848193	2.897042607	3.328610869	3.765982226	4.173462029	4.530265187	4.832942745	5.093999183	5.323444308	5.530165367	5.720269737	5.891447017	6.034426824	6.137828452	6.19414013	6.20163976	6.159639035	6.063188595	5.908126846	5.694823711	5.427125287	5.120783876	4.805520773	4.487574509	4.148736055	3.77750794	3.372212193	2.95681762	2.569986235	2.234976539	1.927303979	1.682399317
371	1.61895774	1.825188193	2.106576878	2.443031687	2.826623846	3.247652195	3.674334001	4.071854855	4.419955635	4.715285307	4.97004435	5.19398987	5.395777744	5.581351324	5.748446816	5.888016636	5.988959458	6.043947968	6.051299888	6.010342701	5.916251817	5.764970538	5.556860203	5.295671467	4.996766578	4.689138106	4.378885793	4.048261399	3.686052744	3.290618882	2.885335312	2.507920209	2.181062448	1.880873359	1.641906398
372	1.571709482	1.771881867	2.044992891	2.371547309	2.743857783	3.152502758	3.5666252	3.952443242	4.290313435	4.576998513	4.824342418	5.041807029	5.237778637	5.418010067	5.580293691	5.715844148	5.813888026	5.867314498	5.874488377	5.834755799	5.743438088	5.596601247	5.394596384	5.141062131	4.850903242	4.552256817	4.25105764	3.930096097	3.578493982	3.194653834	2.801255215	2.434908354	2.11763378	1.826242266	1.594258725
373	1.370262866	1.544755997	1.782816977	2.067457876	2.391984576	2.748181955	3.109149608	3.445450001	3.739976614	3.989918948	4.205600993	4.395262097	4.566198307	4.72340984	4.864963286	4.983197552	5.068723216	5.115342946	5.121629302	5.087011385	5.007414736	4.879413539	4.703314556	4.4822883	4.229321559	3.968936864	3.706319676	3.426485014	3.11995637	2.785339225	2.442395025	2.1230331	1.846445152	1.592418309	1.39016347
374	1.246193246	1.404864008	1.621326936	1.880140275	2.175223365	2.499103435	2.827316524	3.133103476	3.400924249	3.628233655	3.824419199	3.996965393	4.152494138	4.295539471	4.424335268	4.531912619	4.609735261	4.652168997	4.657914047	4.6264505	4.554076902	4.437681117	4.277542632	4.07654324	3.84648697	3.609668537	3.370813966	3.116311845	2.837550128	2.533258596	2.221399185	1.930984735	1.679463446	1.448456018	1.264512671
375	1.367526968	1.541624563	1.779117768	2.063070426	2.386818111	2.742159718	3.102251825	3.437745158	3.731606328	3.981054262	4.196388055	4.385810485	4.55657199	4.713632012	4.855043305	4.973156603	5.05860784	5.105216436	5.111554141	5.077049562	4.997645654	4.869931479	4.694214513	4.473655399	4.221199506	3.961303483	3.699165302	3.419868308	3.113970136	2.780075489	2.437883438	2.119222049	1.843231222	1.589747092	1.38788683
376	1.497437715	1.688042342	1.948037694	2.25888954	2.613310391	3.002318066	3.396519934	3.763795997	4.085518413	4.358656679	4.59448632	4.801977788	4.989052185	5.161122038	5.316044736	5.445442399	5.539065397	5.590148658	5.597126131	5.559371172	5.472446762	5.332622614	5.140236087	4.898745819	4.622317653	4.337721484	4.050662498	3.744829374	3.409891228	3.04431746	2.669664673	2.320774852	2.018598516	1.741060635	1.520023353
377	1.652645781	1.862978994	2.149866347	2.492864079	2.883939725	3.313179002	3.748145521	4.153408801	4.508434376	4.809892053	5.070222709	5.299313556	5.505887056	5.69589732	5.866968479	6.009852143	6.113240586	6.169670347	6.177410771	6.135769287	6.039854904	5.885555827	5.673245313	5.406738381	5.101659404	4.787542017	4.470697055	4.133147099	3.763500556	3.360066501	2.946621478	2.561607002	2.228136033	1.921851565	1.677895421
378	1.864018832	2.101236532	2.424766059	2.811561581	3.252574406	3.736623713	4.22713236	4.68416058	5.084573314	5.424628892	5.718353769	5.97688364	6.210032407	6.424492015	6.617569323	6.778830257	6.895525389	6.959239625	6.968018093	6.921078439	6.812911201	6.638885071	6.399422689	6.098825146	5.754704089	5.400357489	5.042920261	4.6621459	4.245199812	3.790175547	3.323874586	2.889638009	2.513522981	2.168067347	1.892881571
379	1.665350449	1.877257343	2.166244507	2.511734997	2.905655986	3.338017692	3.776145279	4.184376606	4.542068687	4.845894304	5.108381174	5.33946372	5.547887847	5.739610496	5.912213125	6.056371318	6.160699111	6.217681312	6.225568831	6.183661581	6.087043867	5.931583767	5.717660026	5.44911307	5.141666668	4.825057612	4.505676203	4.165461313	3.792957839	3.386461127	2.969900232	2.581983189	2.245979754	1.937361915	1.691493354
380	1.573869791	1.774114309	2.047175046	2.373617206	2.74582186	3.154348017	3.56832047	3.954055473	4.292067657	4.579226177	4.82736616	5.045862464	5.242960018	5.424268329	5.587490147	5.723811019	5.822474765	5.876381834	5.883876842	5.844297182	5.753003359	5.606095854	5.403933809	5.150144794	4.859578943	4.560328022	4.258445903	3.936889496	3.584844325	3.200698897	2.807053306	2.440475591	2.122947106	1.831294823	1.598916242
381	1.634993357	1.842996509	2.126610956	2.465659709	2.852239023	3.276542465	3.706502806	4.107149545	4.458265535	4.756612371	5.014479459	5.241590337	5.446487107	5.634974535	5.80465335	5.946364188	6.048937671	6.105001442	6.112833135	6.071743292	5.976919044	5.824315545	5.614307424	5.35066129	5.048793246	4.737873308	4.424206537	4.090116918	3.7243833	3.325332146	2.916425633	2.535635663	2.205785701	1.902812244	1.661384392
382	1.309540612	1.476123489	1.703239512	1.974738573	2.28429953	2.624068767	2.968367654	3.289204432	3.570407121	3.809393736	4.016003109	4.19801058	4.362238948	4.513318894	4.649318169	4.762898529	4.845117722	4.890073343	4.896383669	4.863495565	4.787559813	4.665341745	4.497142662	4.285977831	4.044185757	3.795119438	3.543842136	3.27622021	2.983277012	2.663672376	2.336185198	2.031215611	1.76703445	1.524375782	1.330986465
383	0.982931843	1.107959967	1.278403836	1.48214904	1.714457609	1.969435959	2.227815145	2.468597876	2.679660166	2.859071803	3.01421378	3.150912469	3.274274867	3.387762931	3.489918506	3.575231981	3.636994162	3.67077653	3.675540339	3.650869773	3.593879847	3.502146437	3.37589675	3.217393057	3.035890088	2.848908512	2.660258499	2.459349432	2.239452168	1.999561794	1.753764283	1.524866996	1.326576294	1.14443785	0.999262486
384	1.136940323	1.281549902	1.478666386	1.714286617	1.982938352	2.277806479	2.576609836	2.855077349	3.099203117	3.306763959	3.486292503	3.644516089	3.787324374	3.918704644	4.036960636	4.135717508	4.207218195	4.24634243	4.251886675	4.22336915	4.157458009	4.051354008	3.905321309	3.721975493	3.512013404	3.295691146	3.077427823	2.844995666	2.590622009	2.313145939	2.028849036	1.764098676	1.53473942	1.324060441	1.15611412
385	1.401760162	1.580040947	1.823027042	2.113465714	2.444620561	2.808091309	3.176415439	3.519689121	3.820666872	4.076619896	4.298062206	4.493272972	4.66949147	4.831612017	4.977531014	5.099386305	5.187618345	5.235916978	5.242795764	5.207659681	5.126407385	4.995593593	4.815545686	4.589486967	4.330595661	4.063833503	3.794664067	3.508039665	3.194390838	2.85228795	2.501790292	2.175389803	1.892609746	1.632857248	1.425762531
386	1.41548021	1.59549544	1.840817379	2.134036797	2.468361907	2.835312639	3.207166518	3.553747764	3.857664701	4.116173702	4.339885088	4.537143573	4.715236936	4.879085635	5.026553164	5.149697977	5.238871405	5.28770435	5.294693263	5.259236319	5.177198699	5.045107421	4.863294817	4.635014305	4.373562901	4.104133946	3.832259666	3.542773665	3.226026829	2.880577534	2.526666742	2.197086885	1.911539987	1.649242362	1.440089171
387	1.410143883	1.58947432	1.83383186	2.12588551	2.4588798	2.824370136	3.19474933	3.539977126	3.842750229	4.100347044	4.323330577	4.519997707	4.697584976	4.86097118	5.008014896	5.130801862	5.219724251	5.26843978	5.275447822	5.240147759	5.158427371	5.026833182	4.845698272	4.618262498	4.357762172	4.089282295	3.818350153	3.529886854	3.214294997	2.870141362	2.517575508	2.18924685	1.904769884	1.643451442	1.435048131
388	1.37606173	1.551052655	1.789465409	2.074400558	2.399276658	2.755856923	3.117212515	3.454051088	3.74951025	4.000945708	4.218657659	4.410725944	4.584188326	4.743782477	4.887405716	5.007332407	5.094191426	5.141796591	5.148680792	5.11425687	5.03451901	4.906104053	4.729338427	4.507382357	4.253142327	3.991083245	3.726614728	3.445052862	3.137047765	2.801204039	2.457169133	2.136783631	1.859174505	1.604161153	1.400754978
389	1.504297525	1.695588771	1.956174975	2.267596144	2.622669575	3.012394672	3.407344844	3.775522056	4.09851768	4.373453727	4.61158186	4.821716631	5.011525558	5.186162489	5.343314526	5.47453325	5.569579337	5.621693322	5.6292684	5.591661587	5.504501561	5.364118415	5.170871944	4.928215496	4.650245848	4.36369321	4.074488737	3.766613654	3.429863767	3.062716975	2.686634956	2.336404008	2.032918626	1.754131071	1.531727223
390	1.705252415	1.922089987	2.217434694	2.570377496	2.972790587	3.414475815	3.862089987	4.279389366	4.645536163	4.957283161	5.2273752	5.465782618	5.681165843	5.879336722	6.057656291	6.206544112	6.314399027	6.373562348	6.382209035	6.339608841	6.240816091	6.081678901	5.862607021	5.587514066	5.272366396	4.947446705	4.619499327	4.270405794	3.888619222	3.472418296	3.046111682	2.649106719	2.305071344	1.989028781	1.736863204
391	1.849893259	2.085121863	2.405467307	2.78826555	3.224714884	3.703758773	4.189243939	4.641884397	5.039106748	5.377403845	5.670589588	5.929455498	6.163361485	6.378578361	6.572224323	6.733902439	6.851034043	6.915314872	6.924761064	6.878578926	6.771413193	6.598769885	6.361097515	6.062639192	5.720699886	5.368111308	5.012212873	4.633394413	4.219153319	3.767628194	3.305167874	2.874491927	2.501255341	2.158382267	1.88476252
392	1.70239755	1.918871218	2.213629497	2.565832758	2.967395459	3.408148966	3.85483972	4.271343727	4.63691656	4.948344556	5.218328571	5.456776733	5.67227022	5.870548502	6.048941991	6.19787919	6.305790478	6.365037512	6.373790919	6.331318957	6.232702981	6.073816102	5.855074234	5.580380947	5.265647128	4.941068079	4.613419268	4.264696018	3.883414802	3.467868481	3.042285053	2.645949456	2.302451781	1.986893436	1.735027811
393	1.056088384	1.190380342	1.373206607	1.591650396	1.840705076	2.11406699	2.391118851	2.649470315	2.87627121	3.069536758	3.237138369	3.385207647	3.519046692	3.642195448	3.75298637	3.845479409	3.912501212	3.949315716	3.954785634	3.928456135	3.867282203	3.768709535	3.632998122	3.462568725	3.267282592	3.06585932	2.862515879	2.646110427	2.409533793	2.151731023	1.887719093	1.641849653	1.428744219	1.232969142	1.076681168
394	1.064990572	1.200417564	1.384757028	1.604994848	1.856091752	2.131695832	2.411028483	2.671530633	2.900262928	3.095232752	3.264369793	3.413841784	3.548973435	3.673313205	3.785167625	3.878544152	3.946213002	3.983400672	3.988957773	3.962424722	3.900737294	3.801325816	3.664454632	3.492563953	3.295588729	3.092393734	2.887245716	2.668937436	2.430315194	2.170319611	1.904080899	1.656136093	1.441216662	1.243771841	1.086121303
395	1.721739124	1.94068658	2.238658882	2.594635549	3.000485354	3.445947558	3.897450751	4.318557019	4.688378531	5.003707873	5.277351008	5.519253479	5.737987614	5.939255429	6.120299811	6.27142889	6.380961153	6.441183525	6.45023375	6.407367394	6.307641183	6.14691059	5.92560706	5.647674371	5.329158143	5.000535855	4.668728636	4.315664752	3.92980445	3.509442728	3.079018496	2.678167185	2.330682624	2.011445953	1.756501457
396	1.541340334	1.737355297	2.00406766	2.322677052	2.68591872	3.084615173	3.488732643	3.865681688	4.196791585	4.47920385	4.724369784	4.941168864	5.137241345	5.317659132	5.479935857	5.615391432	5.713574439	5.767583713	5.775748269	5.73740029	5.648124453	5.50421987	5.306075972	5.057222308	4.77200905	4.477700708	4.180514907	3.864317313	3.518801353	3.142448204	2.757115937	2.398255846	2.087147927	1.801325785	1.573020604
397	1.160099689	1.307639212	1.508352832	1.748103976	2.021435961	2.321447849	2.625550479	2.909238885	3.158482241	3.371138775	3.555817215	3.719182117	3.866957712	4.002936116	4.125231922	4.227309146	4.301306199	4.342031766	4.348225193	4.31938278	4.252190336	4.143867033	3.994708616	3.807373453	3.592649915	3.371043627	3.147251041	2.909162597	2.6490398	2.365745584	2.075716014	1.805609259	1.571425599	1.356271746	1.184378476
398	1.716063415	1.934322576	2.231183851	2.58575651	2.989985564	3.433672951	3.883428224	4.303038182	4.671780158	4.98649993	5.259916091	5.501858947	5.720756742	5.922181178	6.103322331	6.254507688	6.364115253	6.424470211	6.433703328	6.39106798	6.291669783	6.131412842	5.910739322	5.633573453	5.315860161	4.987909656	4.656693965	4.304351288	3.919463016	3.500356647	3.071321875	2.6717554	2.325300743	2.006993365	1.752633743
399	2.288976653	2.580123195	2.976036629	3.448880204	3.987932888	4.57960662	5.179398181	5.739053855	6.230977071	6.650979701	7.016004531	7.339124603	7.631527075	7.900590995	8.142539131	8.344463817	8.490872839	8.571535097	8.583951097	8.527122768	8.394539856	8.180750523	7.88634962	7.516574486	7.09266876	6.655029336	6.212990721	5.742799251	5.229264153	4.670168224	4.097878239	3.564891401	3.1027102	2.678070383	2.338665663
400	2.35857919	2.658603392	3.066498815	3.55361233	4.108921321	4.718440557	5.336351089	5.91298419	6.419950663	6.85295477	7.22943087	7.562807948	7.864555153	8.142220002	8.3918795	8.600227186	8.75131015	8.83459248	8.847492111	8.788978327	8.652359772	8.432035077	8.128624296	7.747521944	7.310592722	6.85942871	6.40368472	5.918960533	5.389646148	4.813471912	4.22375495	3.674532911	3.198229365	2.760605904	2.410744153

