         -80           1   4.19248534E+20
         -80           2   4.19248534E+20
         -80           3   4.19248534E+20
         -80           4   4.19248534E+20
         -80           5   4.19248534E+20
         -80           6   4.19248534E+20
         -80           7   4.19248534E+20
         -80           8   4.19248534E+20
         -80           9   4.19248534E+20
         -80          10   4.19248534E+20
         -80          11   4.19248534E+20
         -80          12   4.19248534E+20
         -80          13   4.19248534E+20
         -80          14   4.19248534E+20
         -80          15   4.19248534E+20
         -80          16   4.19248534E+20
         -80          17   4.19248534E+20
         -80          18   4.19248534E+20
         -80          19   4.19248534E+20
         -80          20   4.19248534E+20
         -80          21   4.19248534E+20
         -80          22   4.19248534E+20
         -80          23   4.19248534E+20
         -80          24   4.19248534E+20
         -80          25   4.19248534E+20
         -80          26   4.19248534E+20
         -80          27   4.19248534E+20
         -80          28   4.19248534E+20
         -80          29   4.19248534E+20
         -80          30   4.19248534E+20
         -80          31   4.19248534E+20
         -80          32   4.19248534E+20
         -80          33   4.19248534E+20
         -80          34   4.19248534E+20
         -80          35   4.19248534E+20
         -80          36   4.19248534E+20
         -80          37   4.19248534E+20
         -80          38   4.19248534E+20
         -80          39   4.19248534E+20
         -80          40   4.19248534E+20
         -80          41   4.19248534E+20
         -80          42   4.19248534E+20
         -80          43   4.19248534E+20
         -80          44   4.19248534E+20
         -80          45   4.19248534E+20
         -80          46   4.19248534E+20
         -80          47   4.19248534E+20
         -80          48   4.19248534E+20
         -80          49   4.19248534E+20
         -80          50   4.19248534E+20
         -80          51   4.19248534E+20
         -80          52   4.19248534E+20
         -80          53   4.19248534E+20
         -80          54   4.19248534E+20
         -80          55   4.19248534E+20
         -80          56   4.19248534E+20
         -80          57   4.19248534E+20
         -80          58   4.19248534E+20
         -80          59   4.19248534E+20
         -80          60   4.19248534E+20
         -80          61   4.19248534E+20
         -80          62   4.19248534E+20
         -80          63   4.19248534E+20
         -80          64   4.19248534E+20
         -80          65   4.19248534E+20
         -80          66   4.19248534E+20
         -80          67   4.19248534E+20
         -80          68   4.19248534E+20
         -80          69   4.19248534E+20
         -80          70   4.19248534E+20
         -80          71   4.19248534E+20
         -80          72   4.19248534E+20
         -80          73   4.19248534E+20
         -80          74   4.19248534E+20
         -80          75   4.19248534E+20
         -80          76   4.19248534E+20
         -80          77   4.19248534E+20
         -80          78   4.19248534E+20
         -80          79   4.19248534E+20
         -80          80   4.19248534E+20
         -80          81   4.19248534E+20
         -80          82   4.19248534E+20
         -80          83   4.19248534E+20
         -80          84   4.19248534E+20
         -80          85   4.19248534E+20
         -80          86   4.19248534E+20
         -80          87   4.19248534E+20
         -80          88   4.19248534E+20
         -80          89   4.19248534E+20
         -80          90   4.19248534E+20
         -80          91   4.19248534E+20
         -80          92   4.19248534E+20
         -80          93   4.19248534E+20
         -80          94   4.19248534E+20
         -80          95   4.19248534E+20
         -80          96   4.19248534E+20
         -80          97   4.19248534E+20
         -80          98   4.19248534E+20
         -80          99   4.19248534E+20
         -80         100   4.19248534E+20
         -75           1   4.91450172E+20
         -75           2   4.91450172E+20
         -75           3   4.91450172E+20
         -75           4   4.91450172E+20
         -75           5   4.91450172E+20
         -75           6   4.91450172E+20
         -75           7   4.91450172E+20
         -75           8   4.91450172E+20
         -75           9   4.91450172E+20
         -75          10   4.91450172E+20
         -75          11   4.91450172E+20
         -75          12   4.91450172E+20
         -75          13   4.91450172E+20
         -75          14   4.91450172E+20
         -75          15   4.91450172E+20
         -75          16   4.91450172E+20
         -75          17   4.91450172E+20
         -75          18   4.91450172E+20
         -75          19   4.91450172E+20
         -75          20   4.91450172E+20
         -75          21   4.91450172E+20
         -75          22   4.91450172E+20
         -75          23   4.91450172E+20
         -75          24   4.91450172E+20
         -75          25   4.91450172E+20
         -75          26   4.91450172E+20
         -75          27   4.91450172E+20
         -75          28   4.91450172E+20
         -75          29   4.91450172E+20
         -75          30   4.91450172E+20
         -75          31   4.91450172E+20
         -75          32   4.91450172E+20
         -75          33   4.91450172E+20
         -75          34   4.91450172E+20
         -75          35   4.91450172E+20
         -75          36   4.91450172E+20
         -75          37   4.91450172E+20
         -75          38   4.91450172E+20
         -75          39   4.91450172E+20
         -75          40   4.91450172E+20
         -75          41   4.91450172E+20
         -75          42   4.91450172E+20
         -75          43   4.91450172E+20
         -75          44   4.91450172E+20
         -75          45   4.91450172E+20
         -75          46   4.91450172E+20
         -75          47   4.91450172E+20
         -75          48   4.91450172E+20
         -75          49   4.91450172E+20
         -75          50   4.91450172E+20
         -75          51   4.91450172E+20
         -75          52   4.91450172E+20
         -75          53   4.91450172E+20
         -75          54   4.91450172E+20
         -75          55   4.91450172E+20
         -75          56   4.91450172E+20
         -75          57   4.91450172E+20
         -75          58   4.91450172E+20
         -75          59   4.91450172E+20
         -75          60   4.91450172E+20
         -75          61   4.91450172E+20
         -75          62   4.91450172E+20
         -75          63   4.91450172E+20
         -75          64   4.91450172E+20
         -75          65   4.91450172E+20
         -75          66   4.91450172E+20
         -75          67   4.91450172E+20
         -75          68   4.91450172E+20
         -75          69   4.91450172E+20
         -75          70   4.91450172E+20
         -75          71   4.91450172E+20
         -75          72   4.91450172E+20
         -75          73   4.91450172E+20
         -75          74   4.91450172E+20
         -75          75   4.91450172E+20
         -75          76   4.91450172E+20
         -75          77   4.91450172E+20
         -75          78   4.91450172E+20
         -75          79   4.91450172E+20
         -75          80   4.91450172E+20
         -75          81   4.91450172E+20
         -75          82   4.91450172E+20
         -75          83   4.91450172E+20
         -75          84   4.91450172E+20
         -75          85   4.91450172E+20
         -75          86   4.91450172E+20
         -75          87   4.91450172E+20
         -75          88   4.91450172E+20
         -75          89   4.91450172E+20
         -75          90   4.91450172E+20
         -75          91   4.91450172E+20
         -75          92   4.91450172E+20
         -75          93   4.91450172E+20
         -75          94   4.91450172E+20
         -75          95   4.91450172E+20
         -75          96   4.91450172E+20
         -75          97   4.91450172E+20
         -75          98   4.91450172E+20
         -75          99   4.91450172E+20
         -75         100   4.91450172E+20
         -70           1   5.71056890E+20
         -70           2   5.71056890E+20
         -70           3   5.71056890E+20
         -70           4   5.71056890E+20
         -70           5   5.71056890E+20
         -70           6   5.71056890E+20
         -70           7   5.71056890E+20
         -70           8   5.71056890E+20
         -70           9   5.71056890E+20
         -70          10   5.71056890E+20
         -70          11   5.71056890E+20
         -70          12   5.71056890E+20
         -70          13   5.71056890E+20
         -70          14   5.71056890E+20
         -70          15   5.71056890E+20
         -70          16   5.71056890E+20
         -70          17   5.71056890E+20
         -70          18   5.71056890E+20
         -70          19   5.71056890E+20
         -70          20   5.71056890E+20
         -70          21   5.71056890E+20
         -70          22   5.71056890E+20
         -70          23   5.71056890E+20
         -70          24   5.71056890E+20
         -70          25   5.71056890E+20
         -70          26   5.71056890E+20
         -70          27   5.71056890E+20
         -70          28   5.71056890E+20
         -70          29   5.71056890E+20
         -70          30   5.71056890E+20
         -70          31   5.71056890E+20
         -70          32   5.71056890E+20
         -70          33   5.71056890E+20
         -70          34   5.71056890E+20
         -70          35   5.71056890E+20
         -70          36   5.71056890E+20
         -70          37   5.71056890E+20
         -70          38   5.71056890E+20
         -70          39   5.71056890E+20
         -70          40   5.71056890E+20
         -70          41   5.71056890E+20
         -70          42   5.71056890E+20
         -70          43   5.71056890E+20
         -70          44   5.71056890E+20
         -70          45   5.71056890E+20
         -70          46   5.71056890E+20
         -70          47   5.71056890E+20
         -70          48   5.71056890E+20
         -70          49   5.71056890E+20
         -70          50   5.71056890E+20
         -70          51   5.71056890E+20
         -70          52   5.71056890E+20
         -70          53   5.71056890E+20
         -70          54   5.71056890E+20
         -70          55   5.71056890E+20
         -70          56   5.71056890E+20
         -70          57   5.71056890E+20
         -70          58   5.71056890E+20
         -70          59   5.71056890E+20
         -70          60   5.71056890E+20
         -70          61   5.71056890E+20
         -70          62   5.71056890E+20
         -70          63   5.71056890E+20
         -70          64   5.71056890E+20
         -70          65   5.71056890E+20
         -70          66   5.71056890E+20
         -70          67   5.71056890E+20
         -70          68   5.71056890E+20
         -70          69   5.71056890E+20
         -70          70   5.71056890E+20
         -70          71   5.71056890E+20
         -70          72   5.71056890E+20
         -70          73   5.71056890E+20
         -70          74   5.71056890E+20
         -70          75   5.71056890E+20
         -70          76   5.71056890E+20
         -70          77   5.71056890E+20
         -70          78   5.71056890E+20
         -70          79   5.71056890E+20
         -70          80   5.71056890E+20
         -70          81   5.71056890E+20
         -70          82   5.71056890E+20
         -70          83   5.71056890E+20
         -70          84   5.71056890E+20
         -70          85   5.71056890E+20
         -70          86   5.71056890E+20
         -70          87   5.71056890E+20
         -70          88   5.71056890E+20
         -70          89   5.71056890E+20
         -70          90   5.71056890E+20
         -70          91   5.71056890E+20
         -70          92   5.71056890E+20
         -70          93   5.71056890E+20
         -70          94   5.71056890E+20
         -70          95   5.71056890E+20
         -70          96   5.71056890E+20
         -70          97   5.71056890E+20
         -70          98   5.71056890E+20
         -70          99   5.71056890E+20
         -70         100   5.71056890E+20
         -65           1   6.61156643E+20
         -65           2   6.61156643E+20
         -65           3   6.61156643E+20
         -65           4   6.61156643E+20
         -65           5   6.61156643E+20
         -65           6   6.61156643E+20
         -65           7   6.61156643E+20
         -65           8   6.61156643E+20
         -65           9   6.61156643E+20
         -65          10   6.61156643E+20
         -65          11   6.61156643E+20
         -65          12   6.61156643E+20
         -65          13   6.61156643E+20
         -65          14   6.61156643E+20
         -65          15   6.61156643E+20
         -65          16   6.61156643E+20
         -65          17   6.61156643E+20
         -65          18   6.61156643E+20
         -65          19   6.61156643E+20
         -65          20   6.61156643E+20
         -65          21   6.61156643E+20
         -65          22   6.61156643E+20
         -65          23   6.61156643E+20
         -65          24   6.61156643E+20
         -65          25   6.61156643E+20
         -65          26   6.61156643E+20
         -65          27   6.61156643E+20
         -65          28   6.61156643E+20
         -65          29   6.61156643E+20
         -65          30   6.61156643E+20
         -65          31   6.61156643E+20
         -65          32   6.61156643E+20
         -65          33   6.61156643E+20
         -65          34   6.61156643E+20
         -65          35   6.61156643E+20
         -65          36   6.61156643E+20
         -65          37   6.61156643E+20
         -65          38   6.61156643E+20
         -65          39   6.61156643E+20
         -65          40   6.61156643E+20
         -65          41   6.61156643E+20
         -65          42   6.61156643E+20
         -65          43   6.61156643E+20
         -65          44   6.61156643E+20
         -65          45   6.61156643E+20
         -65          46   6.61156643E+20
         -65          47   6.61156643E+20
         -65          48   6.61156643E+20
         -65          49   6.61156643E+20
         -65          50   6.61156643E+20
         -65          51   6.61156643E+20
         -65          52   6.61156643E+20
         -65          53   6.61156643E+20
         -65          54   6.61156643E+20
         -65          55   6.61156643E+20
         -65          56   6.61156643E+20
         -65          57   6.61156643E+20
         -65          58   6.61156643E+20
         -65          59   6.61156643E+20
         -65          60   6.61156643E+20
         -65          61   6.61156643E+20
         -65          62   6.61156643E+20
         -65          63   6.61156643E+20
         -65          64   6.61156643E+20
         -65          65   6.61156643E+20
         -65          66   6.61156643E+20
         -65          67   6.61156643E+20
         -65          68   6.61156643E+20
         -65          69   6.61156643E+20
         -65          70   6.61156643E+20
         -65          71   6.61156643E+20
         -65          72   6.61156643E+20
         -65          73   6.61156643E+20
         -65          74   6.61156643E+20
         -65          75   6.61156643E+20
         -65          76   6.61156643E+20
         -65          77   6.61156643E+20
         -65          78   6.61156643E+20
         -65          79   6.61156643E+20
         -65          80   6.61156643E+20
         -65          81   6.61156643E+20
         -65          82   6.61156643E+20
         -65          83   6.61156643E+20
         -65          84   6.61156643E+20
         -65          85   6.61156643E+20
         -65          86   6.61156643E+20
         -65          87   6.61156643E+20
         -65          88   6.61156643E+20
         -65          89   6.61156643E+20
         -65          90   6.61156643E+20
         -65          91   6.61156643E+20
         -65          92   6.61156643E+20
         -65          93   6.61156643E+20
         -65          94   6.61156643E+20
         -65          95   6.61156643E+20
         -65          96   6.61156643E+20
         -65          97   6.61156643E+20
         -65          98   6.61156643E+20
         -65          99   6.61156643E+20
         -65         100   6.61156643E+20
         -60           1   7.57172965E+20
         -60           2   7.57172965E+20
         -60           3   7.57172965E+20
         -60           4   7.57172965E+20
         -60           5   7.57172965E+20
         -60           6   7.57172965E+20
         -60           7   7.57172965E+20
         -60           8   7.57172965E+20
         -60           9   7.57172965E+20
         -60          10   7.57172965E+20
         -60          11   7.57172965E+20
         -60          12   7.57172965E+20
         -60          13   7.57172965E+20
         -60          14   7.57172965E+20
         -60          15   7.57172965E+20
         -60          16   7.57172965E+20
         -60          17   7.57172965E+20
         -60          18   7.57172965E+20
         -60          19   7.57172965E+20
         -60          20   7.57172965E+20
         -60          21   7.57172965E+20
         -60          22   7.57172965E+20
         -60          23   7.57172965E+20
         -60          24   7.57172965E+20
         -60          25   7.57172965E+20
         -60          26   7.57172965E+20
         -60          27   7.57172965E+20
         -60          28   7.57172965E+20
         -60          29   7.57172965E+20
         -60          30   7.57172965E+20
         -60          31   7.57172965E+20
         -60          32   7.57172965E+20
         -60          33   7.57172965E+20
         -60          34   7.57172965E+20
         -60          35   7.57172965E+20
         -60          36   7.57172965E+20
         -60          37   7.57172965E+20
         -60          38   7.57172965E+20
         -60          39   7.57172965E+20
         -60          40   7.57172965E+20
         -60          41   7.57172965E+20
         -60          42   7.57172965E+20
         -60          43   7.57172965E+20
         -60          44   7.57172965E+20
         -60          45   7.57172965E+20
         -60          46   7.57172965E+20
         -60          47   7.57172965E+20
         -60          48   7.57172965E+20
         -60          49   7.57172965E+20
         -60          50   7.57172965E+20
         -60          51   7.57172965E+20
         -60          52   7.57172965E+20
         -60          53   7.57172965E+20
         -60          54   7.57172965E+20
         -60          55   7.57172965E+20
         -60          56   7.57172965E+20
         -60          57   7.57172965E+20
         -60          58   7.57172965E+20
         -60          59   7.57172965E+20
         -60          60   7.57172965E+20
         -60          61   7.57172965E+20
         -60          62   7.57172965E+20
         -60          63   7.57172965E+20
         -60          64   7.57172965E+20
         -60          65   7.57172965E+20
         -60          66   7.57172965E+20
         -60          67   7.57172965E+20
         -60          68   7.57172965E+20
         -60          69   7.57172965E+20
         -60          70   7.57172965E+20
         -60          71   7.57172965E+20
         -60          72   7.57172965E+20
         -60          73   7.57172965E+20
         -60          74   7.57172965E+20
         -60          75   7.57172965E+20
         -60          76   7.57172965E+20
         -60          77   7.57172965E+20
         -60          78   7.57172965E+20
         -60          79   7.57172965E+20
         -60          80   7.57172965E+20
         -60          81   7.57172965E+20
         -60          82   7.57172965E+20
         -60          83   7.57172965E+20
         -60          84   7.57172965E+20
         -60          85   7.57172965E+20
         -60          86   7.57172965E+20
         -60          87   7.57172965E+20
         -60          88   7.57172965E+20
         -60          89   7.57172965E+20
         -60          90   7.57172965E+20
         -60          91   7.57172965E+20
         -60          92   7.57172965E+20
         -60          93   7.57172965E+20
         -60          94   7.57172965E+20
         -60          95   7.57172965E+20
         -60          96   7.57172965E+20
         -60          97   7.57172965E+20
         -60          98   7.57172965E+20
         -60          99   7.57172965E+20
         -60         100   7.57172965E+20
         -55           1   8.51705632E+20
         -55           2   8.51705632E+20
         -55           3   8.51705632E+20
         -55           4   8.51705632E+20
         -55           5   8.51705632E+20
         -55           6   8.51705632E+20
         -55           7   8.51705632E+20
         -55           8   8.51705632E+20
         -55           9   8.51705632E+20
         -55          10   8.51705632E+20
         -55          11   8.51705632E+20
         -55          12   8.51705632E+20
         -55          13   8.51705632E+20
         -55          14   8.51705632E+20
         -55          15   8.51705632E+20
         -55          16   8.51705632E+20
         -55          17   8.51705632E+20
         -55          18   8.51705632E+20
         -55          19   8.51705632E+20
         -55          20   8.51705632E+20
         -55          21   8.51705632E+20
         -55          22   8.51705632E+20
         -55          23   8.51705632E+20
         -55          24   8.51705632E+20
         -55          25   8.51705632E+20
         -55          26   8.51705632E+20
         -55          27   8.51705632E+20
         -55          28   8.51705632E+20
         -55          29   8.51705632E+20
         -55          30   8.51705632E+20
         -55          31   8.51705632E+20
         -55          32   8.51705632E+20
         -55          33   8.51705632E+20
         -55          34   8.51705632E+20
         -55          35   8.51705632E+20
         -55          36   8.51705632E+20
         -55          37   8.51705632E+20
         -55          38   8.51705632E+20
         -55          39   8.51705632E+20
         -55          40   8.51705632E+20
         -55          41   8.51705632E+20
         -55          42   8.51705632E+20
         -55          43   8.51705632E+20
         -55          44   8.51705632E+20
         -55          45   8.51705632E+20
         -55          46   8.51705632E+20
         -55          47   8.51705632E+20
         -55          48   8.51705632E+20
         -55          49   8.51705632E+20
         -55          50   8.51705632E+20
         -55          51   8.51705632E+20
         -55          52   8.51705632E+20
         -55          53   8.51705632E+20
         -55          54   8.51705632E+20
         -55          55   8.51705632E+20
         -55          56   8.51705632E+20
         -55          57   8.51705632E+20
         -55          58   8.51705632E+20
         -55          59   8.51705632E+20
         -55          60   8.51705632E+20
         -55          61   8.51705632E+20
         -55          62   8.51705632E+20
         -55          63   8.51705632E+20
         -55          64   8.51705632E+20
         -55          65   8.51705632E+20
         -55          66   8.51705632E+20
         -55          67   8.51705632E+20
         -55          68   8.51705632E+20
         -55          69   8.51705632E+20
         -55          70   8.51705632E+20
         -55          71   8.51705632E+20
         -55          72   8.51705632E+20
         -55          73   8.51705632E+20
         -55          74   8.51705632E+20
         -55          75   8.51705632E+20
         -55          76   8.51705632E+20
         -55          77   8.51705632E+20
         -55          78   8.51705632E+20
         -55          79   8.51705632E+20
         -55          80   8.51705632E+20
         -55          81   8.51705632E+20
         -55          82   8.51705632E+20
         -55          83   8.51705632E+20
         -55          84   8.51705632E+20
         -55          85   8.51705632E+20
         -55          86   8.51705632E+20
         -55          87   8.51705632E+20
         -55          88   8.51705632E+20
         -55          89   8.51705632E+20
         -55          90   8.51705632E+20
         -55          91   8.51705632E+20
         -55          92   8.51705632E+20
         -55          93   8.51705632E+20
         -55          94   8.51705632E+20
         -55          95   8.51705632E+20
         -55          96   8.51705632E+20
         -55          97   8.51705632E+20
         -55          98   8.51705632E+20
         -55          99   8.51705632E+20
         -55         100   8.51705632E+20
         -50           1   9.41887682E+20
         -50           2   9.41887682E+20
         -50           3   9.41887682E+20
         -50           4   9.41887682E+20
         -50           5   9.41887682E+20
         -50           6   9.41887682E+20
         -50           7   9.41887682E+20
         -50           8   9.41887682E+20
         -50           9   9.41887682E+20
         -50          10   9.41887682E+20
         -50          11   9.41887682E+20
         -50          12   9.41887682E+20
         -50          13   9.41887682E+20
         -50          14   9.41887682E+20
         -50          15   9.41887682E+20
         -50          16   9.41887682E+20
         -50          17   9.41887682E+20
         -50          18   9.41887682E+20
         -50          19   9.41887682E+20
         -50          20   9.41887682E+20
         -50          21   9.41887682E+20
         -50          22   9.41887682E+20
         -50          23   9.41887682E+20
         -50          24   9.41887682E+20
         -50          25   9.41887682E+20
         -50          26   9.41887682E+20
         -50          27   9.41887682E+20
         -50          28   9.41887682E+20
         -50          29   9.41887682E+20
         -50          30   9.41887682E+20
         -50          31   9.41887682E+20
         -50          32   9.41887682E+20
         -50          33   9.41887682E+20
         -50          34   9.41887682E+20
         -50          35   9.41887682E+20
         -50          36   9.41887682E+20
         -50          37   9.41887682E+20
         -50          38   9.41887682E+20
         -50          39   9.41887682E+20
         -50          40   9.41887682E+20
         -50          41   9.41887682E+20
         -50          42   9.41887682E+20
         -50          43   9.41887682E+20
         -50          44   9.41887682E+20
         -50          45   9.41887682E+20
         -50          46   9.41887682E+20
         -50          47   9.41887682E+20
         -50          48   9.41887682E+20
         -50          49   9.41887682E+20
         -50          50   9.41887682E+20
         -50          51   9.41887682E+20
         -50          52   9.41887682E+20
         -50          53   9.41887682E+20
         -50          54   9.41887682E+20
         -50          55   9.41887682E+20
         -50          56   9.41887682E+20
         -50          57   9.41887682E+20
         -50          58   9.41887682E+20
         -50          59   9.41887682E+20
         -50          60   9.41887682E+20
         -50          61   9.41887682E+20
         -50          62   9.41887682E+20
         -50          63   9.41887682E+20
         -50          64   9.41887682E+20
         -50          65   9.41887682E+20
         -50          66   9.41887682E+20
         -50          67   9.41887682E+20
         -50          68   9.41887682E+20
         -50          69   9.41887682E+20
         -50          70   9.41887682E+20
         -50          71   9.41887682E+20
         -50          72   9.41887682E+20
         -50          73   9.41887682E+20
         -50          74   9.41887682E+20
         -50          75   9.41887682E+20
         -50          76   9.41887682E+20
         -50          77   9.41887682E+20
         -50          78   9.41887682E+20
         -50          79   9.41887682E+20
         -50          80   9.41887682E+20
         -50          81   9.41887682E+20
         -50          82   9.41887682E+20
         -50          83   9.41887682E+20
         -50          84   9.41887682E+20
         -50          85   9.41887682E+20
         -50          86   9.41887682E+20
         -50          87   9.41887682E+20
         -50          88   9.41887682E+20
         -50          89   9.41887682E+20
         -50          90   9.41887682E+20
         -50          91   9.41887682E+20
         -50          92   9.41887682E+20
         -50          93   9.41887682E+20
         -50          94   9.41887682E+20
         -50          95   9.41887682E+20
         -50          96   9.41887682E+20
         -50          97   9.41887682E+20
         -50          98   9.41887682E+20
         -50          99   9.41887682E+20
         -50         100   9.41887682E+20
         -45           1   1.02966403E+21
         -45           2   1.02966403E+21
         -45           3   1.02966403E+21
         -45           4   1.02966403E+21
         -45           5   1.02966403E+21
         -45           6   1.02966403E+21
         -45           7   1.02966403E+21
         -45           8   1.02966403E+21
         -45           9   1.02966403E+21
         -45          10   1.02966403E+21
         -45          11   1.02966403E+21
         -45          12   1.02966403E+21
         -45          13   1.02966403E+21
         -45          14   1.02966403E+21
         -45          15   1.02966403E+21
         -45          16   1.02966403E+21
         -45          17   1.02966403E+21
         -45          18   1.02966403E+21
         -45          19   1.02966403E+21
         -45          20   1.02966403E+21
         -45          21   1.02966403E+21
         -45          22   1.02966403E+21
         -45          23   1.02966403E+21
         -45          24   1.02966403E+21
         -45          25   1.02966403E+21
         -45          26   1.02966403E+21
         -45          27   1.02966403E+21
         -45          28   1.02966403E+21
         -45          29   1.02966403E+21
         -45          30   1.02966403E+21
         -45          31   1.02966403E+21
         -45          32   1.02966403E+21
         -45          33   1.02966403E+21
         -45          34   1.02966403E+21
         -45          35   1.02966403E+21
         -45          36   1.02966403E+21
         -45          37   1.02966403E+21
         -45          38   1.02966403E+21
         -45          39   1.02966403E+21
         -45          40   1.02966403E+21
         -45          41   1.02966403E+21
         -45          42   1.02966403E+21
         -45          43   1.02966403E+21
         -45          44   1.02966403E+21
         -45          45   1.02966403E+21
         -45          46   1.02966403E+21
         -45          47   1.02966403E+21
         -45          48   1.02966403E+21
         -45          49   1.02966403E+21
         -45          50   1.02966403E+21
         -45          51   1.02966403E+21
         -45          52   1.02966403E+21
         -45          53   1.02966403E+21
         -45          54   1.02966403E+21
         -45          55   1.02966403E+21
         -45          56   1.02966403E+21
         -45          57   1.02966403E+21
         -45          58   1.02966403E+21
         -45          59   1.02966403E+21
         -45          60   1.02966403E+21
         -45          61   1.02966403E+21
         -45          62   1.02966403E+21
         -45          63   1.02966403E+21
         -45          64   1.02966403E+21
         -45          65   1.02966403E+21
         -45          66   1.02966403E+21
         -45          67   1.02966403E+21
         -45          68   1.02966403E+21
         -45          69   1.02966403E+21
         -45          70   1.02966403E+21
         -45          71   1.02966403E+21
         -45          72   1.02966403E+21
         -45          73   1.02966403E+21
         -45          74   1.02966403E+21
         -45          75   1.02966403E+21
         -45          76   1.02966403E+21
         -45          77   1.02966403E+21
         -45          78   1.02966403E+21
         -45          79   1.02966403E+21
         -45          80   1.02966403E+21
         -45          81   1.02966403E+21
         -45          82   1.02966403E+21
         -45          83   1.02966403E+21
         -45          84   1.02966403E+21
         -45          85   1.02966403E+21
         -45          86   1.02966403E+21
         -45          87   1.02966403E+21
         -45          88   1.02966403E+21
         -45          89   1.02966403E+21
         -45          90   1.02966403E+21
         -45          91   1.02966403E+21
         -45          92   1.02966403E+21
         -45          93   1.02966403E+21
         -45          94   1.02966403E+21
         -45          95   1.02966403E+21
         -45          96   1.02966403E+21
         -45          97   1.02966403E+21
         -45          98   1.02966403E+21
         -45          99   1.02966403E+21
         -45         100   1.02966403E+21
         -40           1   1.11413974E+21
         -40           2   1.11413974E+21
         -40           3   1.11413974E+21
         -40           4   1.11413974E+21
         -40           5   1.11413974E+21
         -40           6   1.11413974E+21
         -40           7   1.11413974E+21
         -40           8   1.11413974E+21
         -40           9   1.11413974E+21
         -40          10   1.11413974E+21
         -40          11   1.11413974E+21
         -40          12   1.11413974E+21
         -40          13   1.11413974E+21
         -40          14   1.11413974E+21
         -40          15   1.11413974E+21
         -40          16   1.11413974E+21
         -40          17   1.11413974E+21
         -40          18   1.11413974E+21
         -40          19   1.11413974E+21
         -40          20   1.11413974E+21
         -40          21   1.11413974E+21
         -40          22   1.11413974E+21
         -40          23   1.11413974E+21
         -40          24   1.11413974E+21
         -40          25   1.11413974E+21
         -40          26   1.11413974E+21
         -40          27   1.11413974E+21
         -40          28   1.11413974E+21
         -40          29   1.11413974E+21
         -40          30   1.11413974E+21
         -40          31   1.11413974E+21
         -40          32   1.11413974E+21
         -40          33   1.11413974E+21
         -40          34   1.11413974E+21
         -40          35   1.11413974E+21
         -40          36   1.11413974E+21
         -40          37   1.11413974E+21
         -40          38   1.11413974E+21
         -40          39   1.11413974E+21
         -40          40   1.11413974E+21
         -40          41   1.11413974E+21
         -40          42   1.11413974E+21
         -40          43   1.11413974E+21
         -40          44   1.11413974E+21
         -40          45   1.11413974E+21
         -40          46   1.11413974E+21
         -40          47   1.11413974E+21
         -40          48   1.11413974E+21
         -40          49   1.11413974E+21
         -40          50   1.11413974E+21
         -40          51   1.11413974E+21
         -40          52   1.11413974E+21
         -40          53   1.11413974E+21
         -40          54   1.11413974E+21
         -40          55   1.11413974E+21
         -40          56   1.11413974E+21
         -40          57   1.11413974E+21
         -40          58   1.11413974E+21
         -40          59   1.11413974E+21
         -40          60   1.11413974E+21
         -40          61   1.11413974E+21
         -40          62   1.11413974E+21
         -40          63   1.11413974E+21
         -40          64   1.11413974E+21
         -40          65   1.11413974E+21
         -40          66   1.11413974E+21
         -40          67   1.11413974E+21
         -40          68   1.11413974E+21
         -40          69   1.11413974E+21
         -40          70   1.11413974E+21
         -40          71   1.11413974E+21
         -40          72   1.11413974E+21
         -40          73   1.11413974E+21
         -40          74   1.11413974E+21
         -40          75   1.11413974E+21
         -40          76   1.11413974E+21
         -40          77   1.11413974E+21
         -40          78   1.11413974E+21
         -40          79   1.11413974E+21
         -40          80   1.11413974E+21
         -40          81   1.11413974E+21
         -40          82   1.11413974E+21
         -40          83   1.11413974E+21
         -40          84   1.11413974E+21
         -40          85   1.11413974E+21
         -40          86   1.11413974E+21
         -40          87   1.11413974E+21
         -40          88   1.11413974E+21
         -40          89   1.11413974E+21
         -40          90   1.11413974E+21
         -40          91   1.11413974E+21
         -40          92   1.11413974E+21
         -40          93   1.11413974E+21
         -40          94   1.11413974E+21
         -40          95   1.11413974E+21
         -40          96   1.11413974E+21
         -40          97   1.11413974E+21
         -40          98   1.11413974E+21
         -40          99   1.11413974E+21
         -40         100   1.11413974E+21
         -35           1   1.19777595E+21
         -35           2   1.19777595E+21
         -35           3   1.19777595E+21
         -35           4   1.19777595E+21
         -35           5   1.19777595E+21
         -35           6   1.19777595E+21
         -35           7   1.19777595E+21
         -35           8   1.19777595E+21
         -35           9   1.19777595E+21
         -35          10   1.19777595E+21
         -35          11   1.19777595E+21
         -35          12   1.19777595E+21
         -35          13   1.19777595E+21
         -35          14   1.19777595E+21
         -35          15   1.19777595E+21
         -35          16   1.19777595E+21
         -35          17   1.19777595E+21
         -35          18   1.19777595E+21
         -35          19   1.19777595E+21
         -35          20   1.19777595E+21
         -35          21   1.19777595E+21
         -35          22   1.19777595E+21
         -35          23   1.19777595E+21
         -35          24   1.19777595E+21
         -35          25   1.19777595E+21
         -35          26   1.19777595E+21
         -35          27   1.19777595E+21
         -35          28   1.19777595E+21
         -35          29   1.19777595E+21
         -35          30   1.19777595E+21
         -35          31   1.19777595E+21
         -35          32   1.19777595E+21
         -35          33   1.19777595E+21
         -35          34   1.19777595E+21
         -35          35   1.19777595E+21
         -35          36   1.19777595E+21
         -35          37   1.19777595E+21
         -35          38   1.19777595E+21
         -35          39   1.19777595E+21
         -35          40   1.19777595E+21
         -35          41   1.19777595E+21
         -35          42   1.19777595E+21
         -35          43   1.19777595E+21
         -35          44   1.19777595E+21
         -35          45   1.19777595E+21
         -35          46   1.19777595E+21
         -35          47   1.19777595E+21
         -35          48   1.19777595E+21
         -35          49   1.19777595E+21
         -35          50   1.19777595E+21
         -35          51   1.19777595E+21
         -35          52   1.19777595E+21
         -35          53   1.19777595E+21
         -35          54   1.19777595E+21
         -35          55   1.19777595E+21
         -35          56   1.19777595E+21
         -35          57   1.19777595E+21
         -35          58   1.19777595E+21
         -35          59   1.19777595E+21
         -35          60   1.19777595E+21
         -35          61   1.19777595E+21
         -35          62   1.19777595E+21
         -35          63   1.19777595E+21
         -35          64   1.19777595E+21
         -35          65   1.19777595E+21
         -35          66   1.19777595E+21
         -35          67   1.19777595E+21
         -35          68   1.19777595E+21
         -35          69   1.19777595E+21
         -35          70   1.19777595E+21
         -35          71   1.19777595E+21
         -35          72   1.19777595E+21
         -35          73   1.19777595E+21
         -35          74   1.19777595E+21
         -35          75   1.19777595E+21
         -35          76   1.19777595E+21
         -35          77   1.19777595E+21
         -35          78   1.19777595E+21
         -35          79   1.19777595E+21
         -35          80   1.19777595E+21
         -35          81   1.19777595E+21
         -35          82   1.19777595E+21
         -35          83   1.19777595E+21
         -35          84   1.19777595E+21
         -35          85   1.19777595E+21
         -35          86   1.19777595E+21
         -35          87   1.19777595E+21
         -35          88   1.19777595E+21
         -35          89   1.19777595E+21
         -35          90   1.19777595E+21
         -35          91   1.19777595E+21
         -35          92   1.19777595E+21
         -35          93   1.19777595E+21
         -35          94   1.19777595E+21
         -35          95   1.19777595E+21
         -35          96   1.19777595E+21
         -35          97   1.19777595E+21
         -35          98   1.19777595E+21
         -35          99   1.19777595E+21
         -35         100   1.19777595E+21
         -30           1   1.28088298E+21
         -30           2   1.28088298E+21
         -30           3   1.28088298E+21
         -30           4   1.28088298E+21
         -30           5   1.28088298E+21
         -30           6   1.28088298E+21
         -30           7   1.28088298E+21
         -30           8   1.28088298E+21
         -30           9   1.28088298E+21
         -30          10   1.28088298E+21
         -30          11   1.28088298E+21
         -30          12   1.28088298E+21
         -30          13   1.28088298E+21
         -30          14   1.28088298E+21
         -30          15   1.28088298E+21
         -30          16   1.28088298E+21
         -30          17   1.28088298E+21
         -30          18   1.28088298E+21
         -30          19   1.28088298E+21
         -30          20   1.28088298E+21
         -30          21   1.28088298E+21
         -30          22   1.28088298E+21
         -30          23   1.28088298E+21
         -30          24   1.28088298E+21
         -30          25   1.28088298E+21
         -30          26   1.28088298E+21
         -30          27   1.28088298E+21
         -30          28   1.28088298E+21
         -30          29   1.28088298E+21
         -30          30   1.28088298E+21
         -30          31   1.28088298E+21
         -30          32   1.28088298E+21
         -30          33   1.28088298E+21
         -30          34   1.28088298E+21
         -30          35   1.28088298E+21
         -30          36   1.28088298E+21
         -30          37   1.28088298E+21
         -30          38   1.28088298E+21
         -30          39   1.28088298E+21
         -30          40   1.28088298E+21
         -30          41   1.28088298E+21
         -30          42   1.28088298E+21
         -30          43   1.28088298E+21
         -30          44   1.28088298E+21
         -30          45   1.28088298E+21
         -30          46   1.28088298E+21
         -30          47   1.28088298E+21
         -30          48   1.28088298E+21
         -30          49   1.28088298E+21
         -30          50   1.28088298E+21
         -30          51   1.28088298E+21
         -30          52   1.28088298E+21
         -30          53   1.28088298E+21
         -30          54   1.28088298E+21
         -30          55   1.28088298E+21
         -30          56   1.28088298E+21
         -30          57   1.28088298E+21
         -30          58   1.28088298E+21
         -30          59   1.28088298E+21
         -30          60   1.28088298E+21
         -30          61   1.28088298E+21
         -30          62   1.28088298E+21
         -30          63   1.28088298E+21
         -30          64   1.28088298E+21
         -30          65   1.28088298E+21
         -30          66   1.28088298E+21
         -30          67   1.28088298E+21
         -30          68   1.28088298E+21
         -30          69   1.28088298E+21
         -30          70   1.28088298E+21
         -30          71   1.28088298E+21
         -30          72   1.28088298E+21
         -30          73   1.28088298E+21
         -30          74   1.28088298E+21
         -30          75   1.28088298E+21
         -30          76   1.28088298E+21
         -30          77   1.28088298E+21
         -30          78   1.28088298E+21
         -30          79   1.28088298E+21
         -30          80   1.28088298E+21
         -30          81   1.28088298E+21
         -30          82   1.28088298E+21
         -30          83   1.28088298E+21
         -30          84   1.28088298E+21
         -30          85   1.28088298E+21
         -30          86   1.28088298E+21
         -30          87   1.28088298E+21
         -30          88   1.28088298E+21
         -30          89   1.28088298E+21
         -30          90   1.28088298E+21
         -30          91   1.28088298E+21
         -30          92   1.28088298E+21
         -30          93   1.28088298E+21
         -30          94   1.28088298E+21
         -30          95   1.28088298E+21
         -30          96   1.28088298E+21
         -30          97   1.28088298E+21
         -30          98   1.28088298E+21
         -30          99   1.28088298E+21
         -30         100   1.28088298E+21
         -25           1   1.35335716E+21
         -25           2   1.35335716E+21
         -25           3   1.35335716E+21
         -25           4   1.35335716E+21
         -25           5   1.35335716E+21
         -25           6   1.35335716E+21
         -25           7   1.35335716E+21
         -25           8   1.35335716E+21
         -25           9   1.35335716E+21
         -25          10   1.35335716E+21
         -25          11   1.35335716E+21
         -25          12   1.35335716E+21
         -25          13   1.35335716E+21
         -25          14   1.35335716E+21
         -25          15   1.35335716E+21
         -25          16   1.35335716E+21
         -25          17   1.35335716E+21
         -25          18   1.35335716E+21
         -25          19   1.35335716E+21
         -25          20   1.35335716E+21
         -25          21   1.35335716E+21
         -25          22   1.35335716E+21
         -25          23   1.35335716E+21
         -25          24   1.35335716E+21
         -25          25   1.35335716E+21
         -25          26   1.35335716E+21
         -25          27   1.35335716E+21
         -25          28   1.35335716E+21
         -25          29   1.35335716E+21
         -25          30   1.35335716E+21
         -25          31   1.35335716E+21
         -25          32   1.35335716E+21
         -25          33   1.35335716E+21
         -25          34   1.35335716E+21
         -25          35   1.35335716E+21
         -25          36   1.35335716E+21
         -25          37   1.35335716E+21
         -25          38   1.35335716E+21
         -25          39   1.35335716E+21
         -25          40   1.35335716E+21
         -25          41   1.35335716E+21
         -25          42   1.35335716E+21
         -25          43   1.35335716E+21
         -25          44   1.35335716E+21
         -25          45   1.35335716E+21
         -25          46   1.35335716E+21
         -25          47   1.35335716E+21
         -25          48   1.35335716E+21
         -25          49   1.35335716E+21
         -25          50   1.35335716E+21
         -25          51   1.35335716E+21
         -25          52   1.35335716E+21
         -25          53   1.35335716E+21
         -25          54   1.35335716E+21
         -25          55   1.35335716E+21
         -25          56   1.35335716E+21
         -25          57   1.35335716E+21
         -25          58   1.35335716E+21
         -25          59   1.35335716E+21
         -25          60   1.35335716E+21
         -25          61   1.35335716E+21
         -25          62   1.35335716E+21
         -25          63   1.35335716E+21
         -25          64   1.35335716E+21
         -25          65   1.35335716E+21
         -25          66   1.35335716E+21
         -25          67   1.35335716E+21
         -25          68   1.35335716E+21
         -25          69   1.35335716E+21
         -25          70   1.35335716E+21
         -25          71   1.35335716E+21
         -25          72   1.35335716E+21
         -25          73   1.35335716E+21
         -25          74   1.35335716E+21
         -25          75   1.35335716E+21
         -25          76   1.35335716E+21
         -25          77   1.35335716E+21
         -25          78   1.35335716E+21
         -25          79   1.35335716E+21
         -25          80   1.35335716E+21
         -25          81   1.35335716E+21
         -25          82   1.35335716E+21
         -25          83   1.35335716E+21
         -25          84   1.35335716E+21
         -25          85   1.35335716E+21
         -25          86   1.35335716E+21
         -25          87   1.35335716E+21
         -25          88   1.35335716E+21
         -25          89   1.35335716E+21
         -25          90   1.35335716E+21
         -25          91   1.35335716E+21
         -25          92   1.35335716E+21
         -25          93   1.35335716E+21
         -25          94   1.35335716E+21
         -25          95   1.35335716E+21
         -25          96   1.35335716E+21
         -25          97   1.35335716E+21
         -25          98   1.35335716E+21
         -25          99   1.35335716E+21
         -25         100   1.35335716E+21
         -20           1   1.40903868E+21
         -20           2   1.40903868E+21
         -20           3   1.40903868E+21
         -20           4   1.40903868E+21
         -20           5   1.40903868E+21
         -20           6   1.40903868E+21
         -20           7   1.40903868E+21
         -20           8   1.40903868E+21
         -20           9   1.40903868E+21
         -20          10   1.40903868E+21
         -20          11   1.40903868E+21
         -20          12   1.40903868E+21
         -20          13   1.40903868E+21
         -20          14   1.40903868E+21
         -20          15   1.40903868E+21
         -20          16   1.40903868E+21
         -20          17   1.40903868E+21
         -20          18   1.40903868E+21
         -20          19   1.40903868E+21
         -20          20   1.40903868E+21
         -20          21   1.40903868E+21
         -20          22   1.40903868E+21
         -20          23   1.40903868E+21
         -20          24   1.40903868E+21
         -20          25   1.40903868E+21
         -20          26   1.40903868E+21
         -20          27   1.40903868E+21
         -20          28   1.40903868E+21
         -20          29   1.40903868E+21
         -20          30   1.40903868E+21
         -20          31   1.40903868E+21
         -20          32   1.40903868E+21
         -20          33   1.40903868E+21
         -20          34   1.40903868E+21
         -20          35   1.40903868E+21
         -20          36   1.40903868E+21
         -20          37   1.40903868E+21
         -20          38   1.40903868E+21
         -20          39   1.40903868E+21
         -20          40   1.40903868E+21
         -20          41   1.40903868E+21
         -20          42   1.40903868E+21
         -20          43   1.40903868E+21
         -20          44   1.40903868E+21
         -20          45   1.40903868E+21
         -20          46   1.40903868E+21
         -20          47   1.40903868E+21
         -20          48   1.40903868E+21
         -20          49   1.40903868E+21
         -20          50   1.40903868E+21
         -20          51   1.40903868E+21
         -20          52   1.40903868E+21
         -20          53   1.40903868E+21
         -20          54   1.40903868E+21
         -20          55   1.40903868E+21
         -20          56   1.40903868E+21
         -20          57   1.40903868E+21
         -20          58   1.40903868E+21
         -20          59   1.40903868E+21
         -20          60   1.40903868E+21
         -20          61   1.40903868E+21
         -20          62   1.40903868E+21
         -20          63   1.40903868E+21
         -20          64   1.40903868E+21
         -20          65   1.40903868E+21
         -20          66   1.40903868E+21
         -20          67   1.40903868E+21
         -20          68   1.40903868E+21
         -20          69   1.40903868E+21
         -20          70   1.40903868E+21
         -20          71   1.40903868E+21
         -20          72   1.40903868E+21
         -20          73   1.40903868E+21
         -20          74   1.40903868E+21
         -20          75   1.40903868E+21
         -20          76   1.40903868E+21
         -20          77   1.40903868E+21
         -20          78   1.40903868E+21
         -20          79   1.40903868E+21
         -20          80   1.40903868E+21
         -20          81   1.40903868E+21
         -20          82   1.40903868E+21
         -20          83   1.40903868E+21
         -20          84   1.40903868E+21
         -20          85   1.40903868E+21
         -20          86   1.40903868E+21
         -20          87   1.40903868E+21
         -20          88   1.40903868E+21
         -20          89   1.40903868E+21
         -20          90   1.40903868E+21
         -20          91   1.40903868E+21
         -20          92   1.40903868E+21
         -20          93   1.40903868E+21
         -20          94   1.40903868E+21
         -20          95   1.40903868E+21
         -20          96   1.40903868E+21
         -20          97   1.40903868E+21
         -20          98   1.40903868E+21
         -20          99   1.40903868E+21
         -20         100   1.40903868E+21
         -15           1   1.44879730E+21
         -15           2   1.44879730E+21
         -15           3   1.44879730E+21
         -15           4   1.44879730E+21
         -15           5   1.44879730E+21
         -15           6   1.44879730E+21
         -15           7   1.44879730E+21
         -15           8   1.44879730E+21
         -15           9   1.44879730E+21
         -15          10   1.44879730E+21
         -15          11   1.44879730E+21
         -15          12   1.44879730E+21
         -15          13   1.44879730E+21
         -15          14   1.44879730E+21
         -15          15   1.44879730E+21
         -15          16   1.44879730E+21
         -15          17   1.44879730E+21
         -15          18   1.44879730E+21
         -15          19   1.44879730E+21
         -15          20   1.44879730E+21
         -15          21   1.44879730E+21
         -15          22   1.44879730E+21
         -15          23   1.44879730E+21
         -15          24   1.44879730E+21
         -15          25   1.44879730E+21
         -15          26   1.44879730E+21
         -15          27   1.44879730E+21
         -15          28   1.44879730E+21
         -15          29   1.44879730E+21
         -15          30   1.44879730E+21
         -15          31   1.44879730E+21
         -15          32   1.44879730E+21
         -15          33   1.44879730E+21
         -15          34   1.44879730E+21
         -15          35   1.44879730E+21
         -15          36   1.44879730E+21
         -15          37   1.44879730E+21
         -15          38   1.44879730E+21
         -15          39   1.44879730E+21
         -15          40   1.44879730E+21
         -15          41   1.44879730E+21
         -15          42   1.44879730E+21
         -15          43   1.44879730E+21
         -15          44   1.44879730E+21
         -15          45   1.44879730E+21
         -15          46   1.44879730E+21
         -15          47   1.44879730E+21
         -15          48   1.44879730E+21
         -15          49   1.44879730E+21
         -15          50   1.44879730E+21
         -15          51   1.44879730E+21
         -15          52   1.44879730E+21
         -15          53   1.44879730E+21
         -15          54   1.44879730E+21
         -15          55   1.44879730E+21
         -15          56   1.44879730E+21
         -15          57   1.44879730E+21
         -15          58   1.44879730E+21
         -15          59   1.44879730E+21
         -15          60   1.44879730E+21
         -15          61   1.44879730E+21
         -15          62   1.44879730E+21
         -15          63   1.44879730E+21
         -15          64   1.44879730E+21
         -15          65   1.44879730E+21
         -15          66   1.44879730E+21
         -15          67   1.44879730E+21
         -15          68   1.44879730E+21
         -15          69   1.44879730E+21
         -15          70   1.44879730E+21
         -15          71   1.44879730E+21
         -15          72   1.44879730E+21
         -15          73   1.44879730E+21
         -15          74   1.44879730E+21
         -15          75   1.44879730E+21
         -15          76   1.44879730E+21
         -15          77   1.44879730E+21
         -15          78   1.44879730E+21
         -15          79   1.44879730E+21
         -15          80   1.44879730E+21
         -15          81   1.44879730E+21
         -15          82   1.44879730E+21
         -15          83   1.44879730E+21
         -15          84   1.44879730E+21
         -15          85   1.44879730E+21
         -15          86   1.44879730E+21
         -15          87   1.44879730E+21
         -15          88   1.44879730E+21
         -15          89   1.44879730E+21
         -15          90   1.44879730E+21
         -15          91   1.44879730E+21
         -15          92   1.44879730E+21
         -15          93   1.44879730E+21
         -15          94   1.44879730E+21
         -15          95   1.44879730E+21
         -15          96   1.44879730E+21
         -15          97   1.44879730E+21
         -15          98   1.44879730E+21
         -15          99   1.44879730E+21
         -15         100   1.44879730E+21
         -10           1   1.47323806E+21
         -10           2   1.47323806E+21
         -10           3   1.47323806E+21
         -10           4   1.47323806E+21
         -10           5   1.47323806E+21
         -10           6   1.47323806E+21
         -10           7   1.47323806E+21
         -10           8   1.47323806E+21
         -10           9   1.47323806E+21
         -10          10   1.47323806E+21
         -10          11   1.47323806E+21
         -10          12   1.47323806E+21
         -10          13   1.47323806E+21
         -10          14   1.47323806E+21
         -10          15   1.47323806E+21
         -10          16   1.47323806E+21
         -10          17   1.47323806E+21
         -10          18   1.47323806E+21
         -10          19   1.47323806E+21
         -10          20   1.47323806E+21
         -10          21   1.47323806E+21
         -10          22   1.47323806E+21
         -10          23   1.47323806E+21
         -10          24   1.47323806E+21
         -10          25   1.47323806E+21
         -10          26   1.47323806E+21
         -10          27   1.47323806E+21
         -10          28   1.47323806E+21
         -10          29   1.47323806E+21
         -10          30   1.47323806E+21
         -10          31   1.47323806E+21
         -10          32   1.47323806E+21
         -10          33   1.47323806E+21
         -10          34   1.47323806E+21
         -10          35   1.47323806E+21
         -10          36   1.47323806E+21
         -10          37   1.47323806E+21
         -10          38   1.47323806E+21
         -10          39   1.47323806E+21
         -10          40   1.47323806E+21
         -10          41   1.47323806E+21
         -10          42   1.47323806E+21
         -10          43   1.47323806E+21
         -10          44   1.47323806E+21
         -10          45   1.47323806E+21
         -10          46   1.47323806E+21
         -10          47   1.47323806E+21
         -10          48   1.47323806E+21
         -10          49   1.47323806E+21
         -10          50   1.47323806E+21
         -10          51   1.47323806E+21
         -10          52   1.47323806E+21
         -10          53   1.47323806E+21
         -10          54   1.47323806E+21
         -10          55   1.47323806E+21
         -10          56   1.47323806E+21
         -10          57   1.47323806E+21
         -10          58   1.47323806E+21
         -10          59   1.47323806E+21
         -10          60   1.47323806E+21
         -10          61   1.47323806E+21
         -10          62   1.47323806E+21
         -10          63   1.47323806E+21
         -10          64   1.47323806E+21
         -10          65   1.47323806E+21
         -10          66   1.47323806E+21
         -10          67   1.47323806E+21
         -10          68   1.47323806E+21
         -10          69   1.47323806E+21
         -10          70   1.47323806E+21
         -10          71   1.47323806E+21
         -10          72   1.47323806E+21
         -10          73   1.47323806E+21
         -10          74   1.47323806E+21
         -10          75   1.47323806E+21
         -10          76   1.47323806E+21
         -10          77   1.47323806E+21
         -10          78   1.47323806E+21
         -10          79   1.47323806E+21
         -10          80   1.47323806E+21
         -10          81   1.47323806E+21
         -10          82   1.47323806E+21
         -10          83   1.47323806E+21
         -10          84   1.47323806E+21
         -10          85   1.47323806E+21
         -10          86   1.47323806E+21
         -10          87   1.47323806E+21
         -10          88   1.47323806E+21
         -10          89   1.47323806E+21
         -10          90   1.47323806E+21
         -10          91   1.47323806E+21
         -10          92   1.47323806E+21
         -10          93   1.47323806E+21
         -10          94   1.47323806E+21
         -10          95   1.47323806E+21
         -10          96   1.47323806E+21
         -10          97   1.47323806E+21
         -10          98   1.47323806E+21
         -10          99   1.47323806E+21
         -10         100   1.47323806E+21
          -5           1   1.48329840E+21
          -5           2   1.48329840E+21
          -5           3   1.48329840E+21
          -5           4   1.48329840E+21
          -5           5   1.48329840E+21
          -5           6   1.48329840E+21
          -5           7   1.48329840E+21
          -5           8   1.48329840E+21
          -5           9   1.48329840E+21
          -5          10   1.48329840E+21
          -5          11   1.48329840E+21
          -5          12   1.48329840E+21
          -5          13   1.48329840E+21
          -5          14   1.48329840E+21
          -5          15   1.48329840E+21
          -5          16   1.48329840E+21
          -5          17   1.48329840E+21
          -5          18   1.48329840E+21
          -5          19   1.48329840E+21
          -5          20   1.48329840E+21
          -5          21   1.48329840E+21
          -5          22   1.48329840E+21
          -5          23   1.48329840E+21
          -5          24   1.48329840E+21
          -5          25   1.48329840E+21
          -5          26   1.48329840E+21
          -5          27   1.48329840E+21
          -5          28   1.48329840E+21
          -5          29   1.48329840E+21
          -5          30   1.48329840E+21
          -5          31   1.48329840E+21
          -5          32   1.48329840E+21
          -5          33   1.48329840E+21
          -5          34   1.48329840E+21
          -5          35   1.48329840E+21
          -5          36   1.48329840E+21
          -5          37   1.48329840E+21
          -5          38   1.48329840E+21
          -5          39   1.48329840E+21
          -5          40   1.48329840E+21
          -5          41   1.48329840E+21
          -5          42   1.48329840E+21
          -5          43   1.48329840E+21
          -5          44   1.48329840E+21
          -5          45   1.48329840E+21
          -5          46   1.48329840E+21
          -5          47   1.48329840E+21
          -5          48   1.48329840E+21
          -5          49   1.48329840E+21
          -5          50   1.48329840E+21
          -5          51   1.48329840E+21
          -5          52   1.48329840E+21
          -5          53   1.48329840E+21
          -5          54   1.48329840E+21
          -5          55   1.48329840E+21
          -5          56   1.48329840E+21
          -5          57   1.48329840E+21
          -5          58   1.48329840E+21
          -5          59   1.48329840E+21
          -5          60   1.48329840E+21
          -5          61   1.48329840E+21
          -5          62   1.48329840E+21
          -5          63   1.48329840E+21
          -5          64   1.48329840E+21
          -5          65   1.48329840E+21
          -5          66   1.48329840E+21
          -5          67   1.48329840E+21
          -5          68   1.48329840E+21
          -5          69   1.48329840E+21
          -5          70   1.48329840E+21
          -5          71   1.48329840E+21
          -5          72   1.48329840E+21
          -5          73   1.48329840E+21
          -5          74   1.48329840E+21
          -5          75   1.48329840E+21
          -5          76   1.48329840E+21
          -5          77   1.48329840E+21
          -5          78   1.48329840E+21
          -5          79   1.48329840E+21
          -5          80   1.48329840E+21
          -5          81   1.48329840E+21
          -5          82   1.48329840E+21
          -5          83   1.48329840E+21
          -5          84   1.48329840E+21
          -5          85   1.48329840E+21
          -5          86   1.48329840E+21
          -5          87   1.48329840E+21
          -5          88   1.48329840E+21
          -5          89   1.48329840E+21
          -5          90   1.48329840E+21
          -5          91   1.48329840E+21
          -5          92   1.48329840E+21
          -5          93   1.48329840E+21
          -5          94   1.48329840E+21
          -5          95   1.48329840E+21
          -5          96   1.48329840E+21
          -5          97   1.48329840E+21
          -5          98   1.48329840E+21
          -5          99   1.48329840E+21
          -5         100   1.48329840E+21
           0           1   1.48025804E+21
           0           2   1.48025804E+21
           0           3   1.48025804E+21
           0           4   1.48025804E+21
           0           5   1.48025804E+21
           0           6   1.48025804E+21
           0           7   1.48025804E+21
           0           8   1.48025804E+21
           0           9   1.48025804E+21
           0          10   1.48025804E+21
           0          11   1.48025804E+21
           0          12   1.48025804E+21
           0          13   1.48025804E+21
           0          14   1.48025804E+21
           0          15   1.48025804E+21
           0          16   1.48025804E+21
           0          17   1.48025804E+21
           0          18   1.48025804E+21
           0          19   1.48025804E+21
           0          20   1.48025804E+21
           0          21   1.48025804E+21
           0          22   1.48025804E+21
           0          23   1.48025804E+21
           0          24   1.48025804E+21
           0          25   1.48025804E+21
           0          26   1.48025804E+21
           0          27   1.48025804E+21
           0          28   1.48025804E+21
           0          29   1.48025804E+21
           0          30   1.48025804E+21
           0          31   1.48025804E+21
           0          32   1.48025804E+21
           0          33   1.48025804E+21
           0          34   1.48025804E+21
           0          35   1.48025804E+21
           0          36   1.48025804E+21
           0          37   1.48025804E+21
           0          38   1.48025804E+21
           0          39   1.48025804E+21
           0          40   1.48025804E+21
           0          41   1.48025804E+21
           0          42   1.48025804E+21
           0          43   1.48025804E+21
           0          44   1.48025804E+21
           0          45   1.48025804E+21
           0          46   1.48025804E+21
           0          47   1.48025804E+21
           0          48   1.48025804E+21
           0          49   1.48025804E+21
           0          50   1.48025804E+21
           0          51   1.48025804E+21
           0          52   1.48025804E+21
           0          53   1.48025804E+21
           0          54   1.48025804E+21
           0          55   1.48025804E+21
           0          56   1.48025804E+21
           0          57   1.48025804E+21
           0          58   1.48025804E+21
           0          59   1.48025804E+21
           0          60   1.48025804E+21
           0          61   1.48025804E+21
           0          62   1.48025804E+21
           0          63   1.48025804E+21
           0          64   1.48025804E+21
           0          65   1.48025804E+21
           0          66   1.48025804E+21
           0          67   1.48025804E+21
           0          68   1.48025804E+21
           0          69   1.48025804E+21
           0          70   1.48025804E+21
           0          71   1.48025804E+21
           0          72   1.48025804E+21
           0          73   1.48025804E+21
           0          74   1.48025804E+21
           0          75   1.48025804E+21
           0          76   1.48025804E+21
           0          77   1.48025804E+21
           0          78   1.48025804E+21
           0          79   1.48025804E+21
           0          80   1.48025804E+21
           0          81   1.48025804E+21
           0          82   1.48025804E+21
           0          83   1.48025804E+21
           0          84   1.48025804E+21
           0          85   1.48025804E+21
           0          86   1.48025804E+21
           0          87   1.48025804E+21
           0          88   1.48025804E+21
           0          89   1.48025804E+21
           0          90   1.48025804E+21
           0          91   1.48025804E+21
           0          92   1.48025804E+21
           0          93   1.48025804E+21
           0          94   1.48025804E+21
           0          95   1.48025804E+21
           0          96   1.48025804E+21
           0          97   1.48025804E+21
           0          98   1.48025804E+21
           0          99   1.48025804E+21
           0         100   1.48025804E+21
           5           1   1.46350099E+21
           5           2   1.46350099E+21
           5           3   1.46350099E+21
           5           4   1.46350099E+21
           5           5   1.46350099E+21
           5           6   1.46350099E+21
           5           7   1.46350099E+21
           5           8   1.46350099E+21
           5           9   1.46350099E+21
           5          10   1.46350099E+21
           5          11   1.46350099E+21
           5          12   1.46350099E+21
           5          13   1.46350099E+21
           5          14   1.46350099E+21
           5          15   1.46350099E+21
           5          16   1.46350099E+21
           5          17   1.46350099E+21
           5          18   1.46350099E+21
           5          19   1.46350099E+21
           5          20   1.46350099E+21
           5          21   1.46350099E+21
           5          22   1.46350099E+21
           5          23   1.46350099E+21
           5          24   1.46350099E+21
           5          25   1.46350099E+21
           5          26   1.46350099E+21
           5          27   1.46350099E+21
           5          28   1.46350099E+21
           5          29   1.46350099E+21
           5          30   1.46350099E+21
           5          31   1.46350099E+21
           5          32   1.46350099E+21
           5          33   1.46350099E+21
           5          34   1.46350099E+21
           5          35   1.46350099E+21
           5          36   1.46350099E+21
           5          37   1.46350099E+21
           5          38   1.46350099E+21
           5          39   1.46350099E+21
           5          40   1.46350099E+21
           5          41   1.46350099E+21
           5          42   1.46350099E+21
           5          43   1.46350099E+21
           5          44   1.46350099E+21
           5          45   1.46350099E+21
           5          46   1.46350099E+21
           5          47   1.46350099E+21
           5          48   1.46350099E+21
           5          49   1.46350099E+21
           5          50   1.46350099E+21
           5          51   1.46350099E+21
           5          52   1.46350099E+21
           5          53   1.46350099E+21
           5          54   1.46350099E+21
           5          55   1.46350099E+21
           5          56   1.46350099E+21
           5          57   1.46350099E+21
           5          58   1.46350099E+21
           5          59   1.46350099E+21
           5          60   1.46350099E+21
           5          61   1.46350099E+21
           5          62   1.46350099E+21
           5          63   1.46350099E+21
           5          64   1.46350099E+21
           5          65   1.46350099E+21
           5          66   1.46350099E+21
           5          67   1.46350099E+21
           5          68   1.46350099E+21
           5          69   1.46350099E+21
           5          70   1.46350099E+21
           5          71   1.46350099E+21
           5          72   1.46350099E+21
           5          73   1.46350099E+21
           5          74   1.46350099E+21
           5          75   1.46350099E+21
           5          76   1.46350099E+21
           5          77   1.46350099E+21
           5          78   1.46350099E+21
           5          79   1.46350099E+21
           5          80   1.46350099E+21
           5          81   1.46350099E+21
           5          82   1.46350099E+21
           5          83   1.46350099E+21
           5          84   1.46350099E+21
           5          85   1.46350099E+21
           5          86   1.46350099E+21
           5          87   1.46350099E+21
           5          88   1.46350099E+21
           5          89   1.46350099E+21
           5          90   1.46350099E+21
           5          91   1.46350099E+21
           5          92   1.46350099E+21
           5          93   1.46350099E+21
           5          94   1.46350099E+21
           5          95   1.46350099E+21
           5          96   1.46350099E+21
           5          97   1.46350099E+21
           5          98   1.46350099E+21
           5          99   1.46350099E+21
           5         100   1.46350099E+21
          10           1   1.43452849E+21
          10           2   1.43452849E+21
          10           3   1.43452849E+21
          10           4   1.43452849E+21
          10           5   1.43452849E+21
          10           6   1.43452849E+21
          10           7   1.43452849E+21
          10           8   1.43452849E+21
          10           9   1.43452849E+21
          10          10   1.43452849E+21
          10          11   1.43452849E+21
          10          12   1.43452849E+21
          10          13   1.43452849E+21
          10          14   1.43452849E+21
          10          15   1.43452849E+21
          10          16   1.43452849E+21
          10          17   1.43452849E+21
          10          18   1.43452849E+21
          10          19   1.43452849E+21
          10          20   1.43452849E+21
          10          21   1.43452849E+21
          10          22   1.43452849E+21
          10          23   1.43452849E+21
          10          24   1.43452849E+21
          10          25   1.43452849E+21
          10          26   1.43452849E+21
          10          27   1.43452849E+21
          10          28   1.43452849E+21
          10          29   1.43452849E+21
          10          30   1.43452849E+21
          10          31   1.43452849E+21
          10          32   1.43452849E+21
          10          33   1.43452849E+21
          10          34   1.43452849E+21
          10          35   1.43452849E+21
          10          36   1.43452849E+21
          10          37   1.43452849E+21
          10          38   1.43452849E+21
          10          39   1.43452849E+21
          10          40   1.43452849E+21
          10          41   1.43452849E+21
          10          42   1.43452849E+21
          10          43   1.43452849E+21
          10          44   1.43452849E+21
          10          45   1.43452849E+21
          10          46   1.43452849E+21
          10          47   1.43452849E+21
          10          48   1.43452849E+21
          10          49   1.43452849E+21
          10          50   1.43452849E+21
          10          51   1.43452849E+21
          10          52   1.43452849E+21
          10          53   1.43452849E+21
          10          54   1.43452849E+21
          10          55   1.43452849E+21
          10          56   1.43452849E+21
          10          57   1.43452849E+21
          10          58   1.43452849E+21
          10          59   1.43452849E+21
          10          60   1.43452849E+21
          10          61   1.43452849E+21
          10          62   1.43452849E+21
          10          63   1.43452849E+21
          10          64   1.43452849E+21
          10          65   1.43452849E+21
          10          66   1.43452849E+21
          10          67   1.43452849E+21
          10          68   1.43452849E+21
          10          69   1.43452849E+21
          10          70   1.43452849E+21
          10          71   1.43452849E+21
          10          72   1.43452849E+21
          10          73   1.43452849E+21
          10          74   1.43452849E+21
          10          75   1.43452849E+21
          10          76   1.43452849E+21
          10          77   1.43452849E+21
          10          78   1.43452849E+21
          10          79   1.43452849E+21
          10          80   1.43452849E+21
          10          81   1.43452849E+21
          10          82   1.43452849E+21
          10          83   1.43452849E+21
          10          84   1.43452849E+21
          10          85   1.43452849E+21
          10          86   1.43452849E+21
          10          87   1.43452849E+21
          10          88   1.43452849E+21
          10          89   1.43452849E+21
          10          90   1.43452849E+21
          10          91   1.43452849E+21
          10          92   1.43452849E+21
          10          93   1.43452849E+21
          10          94   1.43452849E+21
          10          95   1.43452849E+21
          10          96   1.43452849E+21
          10          97   1.43452849E+21
          10          98   1.43452849E+21
          10          99   1.43452849E+21
          10         100   1.43452849E+21
          15           1   1.39475312E+21
          15           2   1.39475312E+21
          15           3   1.39475312E+21
          15           4   1.39475312E+21
          15           5   1.39475312E+21
          15           6   1.39475312E+21
          15           7   1.39475312E+21
          15           8   1.39475312E+21
          15           9   1.39475312E+21
          15          10   1.39475312E+21
          15          11   1.39475312E+21
          15          12   1.39475312E+21
          15          13   1.39475312E+21
          15          14   1.39475312E+21
          15          15   1.39475312E+21
          15          16   1.39475312E+21
          15          17   1.39475312E+21
          15          18   1.39475312E+21
          15          19   1.39475312E+21
          15          20   1.39475312E+21
          15          21   1.39475312E+21
          15          22   1.39475312E+21
          15          23   1.39475312E+21
          15          24   1.39475312E+21
          15          25   1.39475312E+21
          15          26   1.39475312E+21
          15          27   1.39475312E+21
          15          28   1.39475312E+21
          15          29   1.39475312E+21
          15          30   1.39475312E+21
          15          31   1.39475312E+21
          15          32   1.39475312E+21
          15          33   1.39475312E+21
          15          34   1.39475312E+21
          15          35   1.39475312E+21
          15          36   1.39475312E+21
          15          37   1.39475312E+21
          15          38   1.39475312E+21
          15          39   1.39475312E+21
          15          40   1.39475312E+21
          15          41   1.39475312E+21
          15          42   1.39475312E+21
          15          43   1.39475312E+21
          15          44   1.39475312E+21
          15          45   1.39475312E+21
          15          46   1.39475312E+21
          15          47   1.39475312E+21
          15          48   1.39475312E+21
          15          49   1.39475312E+21
          15          50   1.39475312E+21
          15          51   1.39475312E+21
          15          52   1.39475312E+21
          15          53   1.39475312E+21
          15          54   1.39475312E+21
          15          55   1.39475312E+21
          15          56   1.39475312E+21
          15          57   1.39475312E+21
          15          58   1.39475312E+21
          15          59   1.39475312E+21
          15          60   1.39475312E+21
          15          61   1.39475312E+21
          15          62   1.39475312E+21
          15          63   1.39475312E+21
          15          64   1.39475312E+21
          15          65   1.39475312E+21
          15          66   1.39475312E+21
          15          67   1.39475312E+21
          15          68   1.39475312E+21
          15          69   1.39475312E+21
          15          70   1.39475312E+21
          15          71   1.39475312E+21
          15          72   1.39475312E+21
          15          73   1.39475312E+21
          15          74   1.39475312E+21
          15          75   1.39475312E+21
          15          76   1.39475312E+21
          15          77   1.39475312E+21
          15          78   1.39475312E+21
          15          79   1.39475312E+21
          15          80   1.39475312E+21
          15          81   1.39475312E+21
          15          82   1.39475312E+21
          15          83   1.39475312E+21
          15          84   1.39475312E+21
          15          85   1.39475312E+21
          15          86   1.39475312E+21
          15          87   1.39475312E+21
          15          88   1.39475312E+21
          15          89   1.39475312E+21
          15          90   1.39475312E+21
          15          91   1.39475312E+21
          15          92   1.39475312E+21
          15          93   1.39475312E+21
          15          94   1.39475312E+21
          15          95   1.39475312E+21
          15          96   1.39475312E+21
          15          97   1.39475312E+21
          15          98   1.39475312E+21
          15          99   1.39475312E+21
          15         100   1.39475312E+21
          20           1   1.34695938E+21
          20           2   1.34695938E+21
          20           3   1.34695938E+21
          20           4   1.34695938E+21
          20           5   1.34695938E+21
          20           6   1.34695938E+21
          20           7   1.34695938E+21
          20           8   1.34695938E+21
          20           9   1.34695938E+21
          20          10   1.34695938E+21
          20          11   1.34695938E+21
          20          12   1.34695938E+21
          20          13   1.34695938E+21
          20          14   1.34695938E+21
          20          15   1.34695938E+21
          20          16   1.34695938E+21
          20          17   1.34695938E+21
          20          18   1.34695938E+21
          20          19   1.34695938E+21
          20          20   1.34695938E+21
          20          21   1.34695938E+21
          20          22   1.34695938E+21
          20          23   1.34695938E+21
          20          24   1.34695938E+21
          20          25   1.34695938E+21
          20          26   1.34695938E+21
          20          27   1.34695938E+21
          20          28   1.34695938E+21
          20          29   1.34695938E+21
          20          30   1.34695938E+21
          20          31   1.34695938E+21
          20          32   1.34695938E+21
          20          33   1.34695938E+21
          20          34   1.34695938E+21
          20          35   1.34695938E+21
          20          36   1.34695938E+21
          20          37   1.34695938E+21
          20          38   1.34695938E+21
          20          39   1.34695938E+21
          20          40   1.34695938E+21
          20          41   1.34695938E+21
          20          42   1.34695938E+21
          20          43   1.34695938E+21
          20          44   1.34695938E+21
          20          45   1.34695938E+21
          20          46   1.34695938E+21
          20          47   1.34695938E+21
          20          48   1.34695938E+21
          20          49   1.34695938E+21
          20          50   1.34695938E+21
          20          51   1.34695938E+21
          20          52   1.34695938E+21
          20          53   1.34695938E+21
          20          54   1.34695938E+21
          20          55   1.34695938E+21
          20          56   1.34695938E+21
          20          57   1.34695938E+21
          20          58   1.34695938E+21
          20          59   1.34695938E+21
          20          60   1.34695938E+21
          20          61   1.34695938E+21
          20          62   1.34695938E+21
          20          63   1.34695938E+21
          20          64   1.34695938E+21
          20          65   1.34695938E+21
          20          66   1.34695938E+21
          20          67   1.34695938E+21
          20          68   1.34695938E+21
          20          69   1.34695938E+21
          20          70   1.34695938E+21
          20          71   1.34695938E+21
          20          72   1.34695938E+21
          20          73   1.34695938E+21
          20          74   1.34695938E+21
          20          75   1.34695938E+21
          20          76   1.34695938E+21
          20          77   1.34695938E+21
          20          78   1.34695938E+21
          20          79   1.34695938E+21
          20          80   1.34695938E+21
          20          81   1.34695938E+21
          20          82   1.34695938E+21
          20          83   1.34695938E+21
          20          84   1.34695938E+21
          20          85   1.34695938E+21
          20          86   1.34695938E+21
          20          87   1.34695938E+21
          20          88   1.34695938E+21
          20          89   1.34695938E+21
          20          90   1.34695938E+21
          20          91   1.34695938E+21
          20          92   1.34695938E+21
          20          93   1.34695938E+21
          20          94   1.34695938E+21
          20          95   1.34695938E+21
          20          96   1.34695938E+21
          20          97   1.34695938E+21
          20          98   1.34695938E+21
          20          99   1.34695938E+21
          20         100   1.34695938E+21
          25           1   1.29182955E+21
          25           2   1.29182955E+21
          25           3   1.29182955E+21
          25           4   1.29182955E+21
          25           5   1.29182955E+21
          25           6   1.29182955E+21
          25           7   1.29182955E+21
          25           8   1.29182955E+21
          25           9   1.29182955E+21
          25          10   1.29182955E+21
          25          11   1.29182955E+21
          25          12   1.29182955E+21
          25          13   1.29182955E+21
          25          14   1.29182955E+21
          25          15   1.29182955E+21
          25          16   1.29182955E+21
          25          17   1.29182955E+21
          25          18   1.29182955E+21
          25          19   1.29182955E+21
          25          20   1.29182955E+21
          25          21   1.29182955E+21
          25          22   1.29182955E+21
          25          23   1.29182955E+21
          25          24   1.29182955E+21
          25          25   1.29182955E+21
          25          26   1.29182955E+21
          25          27   1.29182955E+21
          25          28   1.29182955E+21
          25          29   1.29182955E+21
          25          30   1.29182955E+21
          25          31   1.29182955E+21
          25          32   1.29182955E+21
          25          33   1.29182955E+21
          25          34   1.29182955E+21
          25          35   1.29182955E+21
          25          36   1.29182955E+21
          25          37   1.29182955E+21
          25          38   1.29182955E+21
          25          39   1.29182955E+21
          25          40   1.29182955E+21
          25          41   1.29182955E+21
          25          42   1.29182955E+21
          25          43   1.29182955E+21
          25          44   1.29182955E+21
          25          45   1.29182955E+21
          25          46   1.29182955E+21
          25          47   1.29182955E+21
          25          48   1.29182955E+21
          25          49   1.29182955E+21
          25          50   1.29182955E+21
          25          51   1.29182955E+21
          25          52   1.29182955E+21
          25          53   1.29182955E+21
          25          54   1.29182955E+21
          25          55   1.29182955E+21
          25          56   1.29182955E+21
          25          57   1.29182955E+21
          25          58   1.29182955E+21
          25          59   1.29182955E+21
          25          60   1.29182955E+21
          25          61   1.29182955E+21
          25          62   1.29182955E+21
          25          63   1.29182955E+21
          25          64   1.29182955E+21
          25          65   1.29182955E+21
          25          66   1.29182955E+21
          25          67   1.29182955E+21
          25          68   1.29182955E+21
          25          69   1.29182955E+21
          25          70   1.29182955E+21
          25          71   1.29182955E+21
          25          72   1.29182955E+21
          25          73   1.29182955E+21
          25          74   1.29182955E+21
          25          75   1.29182955E+21
          25          76   1.29182955E+21
          25          77   1.29182955E+21
          25          78   1.29182955E+21
          25          79   1.29182955E+21
          25          80   1.29182955E+21
          25          81   1.29182955E+21
          25          82   1.29182955E+21
          25          83   1.29182955E+21
          25          84   1.29182955E+21
          25          85   1.29182955E+21
          25          86   1.29182955E+21
          25          87   1.29182955E+21
          25          88   1.29182955E+21
          25          89   1.29182955E+21
          25          90   1.29182955E+21
          25          91   1.29182955E+21
          25          92   1.29182955E+21
          25          93   1.29182955E+21
          25          94   1.29182955E+21
          25          95   1.29182955E+21
          25          96   1.29182955E+21
          25          97   1.29182955E+21
          25          98   1.29182955E+21
          25          99   1.29182955E+21
          25         100   1.29182955E+21
          30           1   1.23076665E+21
          30           2   1.23076665E+21
          30           3   1.23076665E+21
          30           4   1.23076665E+21
          30           5   1.23076665E+21
          30           6   1.23076665E+21
          30           7   1.23076665E+21
          30           8   1.23076665E+21
          30           9   1.23076665E+21
          30          10   1.23076665E+21
          30          11   1.23076665E+21
          30          12   1.23076665E+21
          30          13   1.23076665E+21
          30          14   1.23076665E+21
          30          15   1.23076665E+21
          30          16   1.23076665E+21
          30          17   1.23076665E+21
          30          18   1.23076665E+21
          30          19   1.23076665E+21
          30          20   1.23076665E+21
          30          21   1.23076665E+21
          30          22   1.23076665E+21
          30          23   1.23076665E+21
          30          24   1.23076665E+21
          30          25   1.23076665E+21
          30          26   1.23076665E+21
          30          27   1.23076665E+21
          30          28   1.23076665E+21
          30          29   1.23076665E+21
          30          30   1.23076665E+21
          30          31   1.23076665E+21
          30          32   1.23076665E+21
          30          33   1.23076665E+21
          30          34   1.23076665E+21
          30          35   1.23076665E+21
          30          36   1.23076665E+21
          30          37   1.23076665E+21
          30          38   1.23076665E+21
          30          39   1.23076665E+21
          30          40   1.23076665E+21
          30          41   1.23076665E+21
          30          42   1.23076665E+21
          30          43   1.23076665E+21
          30          44   1.23076665E+21
          30          45   1.23076665E+21
          30          46   1.23076665E+21
          30          47   1.23076665E+21
          30          48   1.23076665E+21
          30          49   1.23076665E+21
          30          50   1.23076665E+21
          30          51   1.23076665E+21
          30          52   1.23076665E+21
          30          53   1.23076665E+21
          30          54   1.23076665E+21
          30          55   1.23076665E+21
          30          56   1.23076665E+21
          30          57   1.23076665E+21
          30          58   1.23076665E+21
          30          59   1.23076665E+21
          30          60   1.23076665E+21
          30          61   1.23076665E+21
          30          62   1.23076665E+21
          30          63   1.23076665E+21
          30          64   1.23076665E+21
          30          65   1.23076665E+21
          30          66   1.23076665E+21
          30          67   1.23076665E+21
          30          68   1.23076665E+21
          30          69   1.23076665E+21
          30          70   1.23076665E+21
          30          71   1.23076665E+21
          30          72   1.23076665E+21
          30          73   1.23076665E+21
          30          74   1.23076665E+21
          30          75   1.23076665E+21
          30          76   1.23076665E+21
          30          77   1.23076665E+21
          30          78   1.23076665E+21
          30          79   1.23076665E+21
          30          80   1.23076665E+21
          30          81   1.23076665E+21
          30          82   1.23076665E+21
          30          83   1.23076665E+21
          30          84   1.23076665E+21
          30          85   1.23076665E+21
          30          86   1.23076665E+21
          30          87   1.23076665E+21
          30          88   1.23076665E+21
          30          89   1.23076665E+21
          30          90   1.23076665E+21
          30          91   1.23076665E+21
          30          92   1.23076665E+21
          30          93   1.23076665E+21
          30          94   1.23076665E+21
          30          95   1.23076665E+21
          30          96   1.23076665E+21
          30          97   1.23076665E+21
          30          98   1.23076665E+21
          30          99   1.23076665E+21
          30         100   1.23076665E+21
          35           1   1.16293864E+21
          35           2   1.16293864E+21
          35           3   1.16293864E+21
          35           4   1.16293864E+21
          35           5   1.16293864E+21
          35           6   1.16293864E+21
          35           7   1.16293864E+21
          35           8   1.16293864E+21
          35           9   1.16293864E+21
          35          10   1.16293864E+21
          35          11   1.16293864E+21
          35          12   1.16293864E+21
          35          13   1.16293864E+21
          35          14   1.16293864E+21
          35          15   1.16293864E+21
          35          16   1.16293864E+21
          35          17   1.16293864E+21
          35          18   1.16293864E+21
          35          19   1.16293864E+21
          35          20   1.16293864E+21
          35          21   1.16293864E+21
          35          22   1.16293864E+21
          35          23   1.16293864E+21
          35          24   1.16293864E+21
          35          25   1.16293864E+21
          35          26   1.16293864E+21
          35          27   1.16293864E+21
          35          28   1.16293864E+21
          35          29   1.16293864E+21
          35          30   1.16293864E+21
          35          31   1.16293864E+21
          35          32   1.16293864E+21
          35          33   1.16293864E+21
          35          34   1.16293864E+21
          35          35   1.16293864E+21
          35          36   1.16293864E+21
          35          37   1.16293864E+21
          35          38   1.16293864E+21
          35          39   1.16293864E+21
          35          40   1.16293864E+21
